1001,9695.58
1004,1390.53
1007,1529.39
1010,7036.9
1013,8566.11
1016,6826.76
1019,1399.58
1022,8715.54
1025,255.67
1028,9194.1
1031,7731.38
1034,7237.55
1037,7718.34
1040,3102.7
1043,2237.64
1046,389.73
1049,5569.74
1052,3065.5
1055,2115.72
1058,4131.42
1061,8193.11
1064,6708.9
1067,1428.67
1070,2441.9
1073,306.18
1076,7703.4
1079,8106.92
1082,1570.55
1085,2468.1
1088,6359.45
1091,1705.11
1094,6565.92
1097,4362.13
1100,8470.35
1103,5127.81
1106,9240.33
1109,9905.94
1112,7825.8
1115,6334.3
1118,1883.93
1121,5929.79
1124,8461.83
1127,5615.7
1130,5245.31
1133,5247.85
1136,6582.33
1139,6313.54
1142,2587.2
1145,7734.47
1148,6914.34
1151,956.78
1154,7526.98
1157,2567.1
1160,2441.09
1163,7892.0
1166,4713.72
1169,6574.92
1172,6495.29
1175,6946.25
1178,2420.28
1181,941.32
1184,8846.94
1187,3660.87
1190,3864.09
1193,2033.14
1196,4609.21
1199,9086.09
1202,2453.15
1205,9332.66
1208,6352.82
1211,1481.43
1214,4002.19
1217,1094.09
1220,1843.65
1223,1492.25
1226,9829.43
1229,6208.4
1232,1635.76
1235,1445.72
1238,7102.64
1241,655.19
1244,9892.49
1247,6875.91
1250,9175.64
1253,3696.25
1256,8806.43
1259,820.41
1262,7863.13
1265,6497.78
1268,2563.18
1271,3889.59
1274,4747.82
1277,747.46
1280,9606.17
1283,5854.27
1286,264.16
1289,9406.83
1292,6717.61
1295,1015.07
1298,7044.86
1301,9292.14
1304,7445.37
1307,574.81
1310,9104.52
1313,9860.52
1316,2337.2
1319,4880.96
1322,1064.79
1325,8981.91
1328,2557.89
1331,108.96
1334,7177.09
1337,8541.19
1340,3895.95
1343,3783.63
1346,2413.42
1349,7693.2
1352,7049.76
1355,8445.88
1358,5772.46
1361,8306.01
1364,1112.68
1367,2669.94
1370,6536.65
1373,2124.64
1376,7971.16
1379,8883.64
1382,5320.7
1385,8652.94
1388,4957.8
1391,4701.96
1394,1391.99
1397,6051.31
1400,8424.72
1403,313.95
1406,3002.18
1409,9938.37
1412,306.3
1415,7483.61
1418,3009.24
1421,395.89
1424,8478.05
1427,317.43
1430,1529.21
1433,7119.71
1436,4372.89
1439,430.41
1442,8337.81
1445,6099.82
1448,6518.54
1451,7323.43
1454,262.04
1457,9121.84
1460,5006.26
1463,2612.71
1466,278.22
1469,2016.05
1472,6216.95
1475,9573.42
1478,7591.59
1481,9165.96
1484,5485.55
1487,9933.91
1490,9648.14
1493,4272.32
1496,3669.45
1499,3944.1
1502,7320.47
1505,5347.81
1508,9353.23
1511,7065.92
1514,9000.44
1517,4375.8
1520,6047.61
1523,5565.01
1526,4454.6
1529,3431.75
1532,6229.38
1535,1296.48
1538,6857.5
1541,7050.8
1544,817.27
1547,1555.41
1550,7502.54
1553,1103.27
1556,1761.05
1559,3466.75
1562,9457.85
1565,1598.76
1568,1270.57
1571,6686.62
1574,8121.7
1577,8377.24
1580,726.38
1583,3142.64
1586,4783.45
1589,4168.51
1592,1103.27
1595,1957.47
1598,4560.62
1601,6392.75
1604,8192.01
1607,6400.91
1610,6881.06
1613,5681.05
1616,2725.42
1619,6532.77
1622,9506.81
1625,9624.63
1628,5940.82
1631,6418.74
1634,6283.2
1637,2919.59
1640,4422.99
1643,1227.37
1646,5878.1
1649,7706.92
1652,9652.64
1655,2900.54
1658,1238.86
1661,510.45
1664,1485.18
1667,256.37
1670,1008.41
1673,1837.29
1676,2127.51
1679,855.87
1682,3911.71
1685,8386.69
1688,9938.07
1691,7147.78
1694,3267.27
1697,1613.54
1700,6358.92
1703,5136.35
1706,9998.54
1709,832.46
1712,9380.77
1715,4644.14
1718,5245.32
1721,3352.6
1724,2811.45
1727,7785.98
1730,5379.38
1733,326.01
1736,2728.95
1739,4713.71
1742,6077.21
1745,6821.34
1748,1959.4
1751,1106.34
1754,4139.26
1757,8427.52
1760,4989.5
1763,1332.26
1766,9128.32
1769,6681.14
1772,4129.69
1775,1595.63
1778,9433.77
1781,4703.05
1784,6887.09
1787,3109.18
1790,4024.37
1793,1687.07
1796,7321.06
1799,4359.58
1802,3007.16
1805,6898.92
1808,1301.57
1811,1590.9
1814,8602.58
1817,3317.05
1820,4253.57
1823,7339.99
1826,1659.89
1829,6916.88
1832,6455.14
1835,6079.76
1838,415.54
1841,3363.06
1844,4667.42
1847,2976.85
1850,2169.3
1853,7228.31
1856,6504.92
1859,1736.59
1862,2765.21
1865,5805.38
1868,3702.99
1871,9055.59
1874,6841.57
1877,6528.14
1880,3661.48
1883,4146.54
1886,7404.23
1889,4824.67
1892,8826.74
1895,746.69
1898,7391.24
1901,7611.44
1904,824.36
1907,4057.89
1910,4989.74
1913,4684.92
1916,8158.87
1919,2419.05
1922,6736.8
1925,3470.92
1928,1586.99
1931,9175.16
1934,7548.12
1937,9703.18
1940,5892.58
1943,9796.12
1946,9287.91
1949,8231.78
1952,2720.19
1955,9059.64
1958,5465.31
1961,6886.68
1964,744.9
1967,5506.64
1970,8609.4
1973,5494.05
1976,9138.1
1979,6703.62
1982,4891.1
1985,8923.15
1988,7306.82
1991,8101.93
1994,8659.87
1997,2424.65
2000,6400.55
2003,3878.38
2006,8599.43
2009,1833.66
2012,1354.37
2015,4262.12
2018,7462.78
2021,5178.62
2024,1434.01
2027,8657.12
2030,5083.88
2033,9528.26
2036,7699.13
2039,4824.08
2042,8787.14
2045,2830.43
2048,3700.23
2051,9560.95
2054,1975.12
2057,3240.31
2060,4175.57
2063,8817.75
2066,9085.24
2069,7077.04
2072,9206.56
2075,683.1
2078,3358.4
2081,2921.51
2084,5415.45
2087,4575.18
2090,8823.09
2093,1835.23
2096,9006.92
2099,8547.29
2102,7138.95
2105,5942.73
2108,7463.22
2111,3546.26
2114,2322.18
2117,3096.29
2120,3276.53
2123,2458.77
2126,3052.65
2129,4392.02
2132,926.38
2135,9149.96
2138,8720.69
2141,6353.02
2144,9859.92
2147,8413.63
2150,9118.86
2153,1908.11
2156,693.96
2159,656.18
2162,1630.21
2165,3227.76
2168,1061.78
2171,8424.91
2174,7585.28
2177,979.68
2180,5450.48
2183,8781.24
2186,2397.4
2189,8665.52
2192,6434.18
2195,2747.8
2198,3171.48
2201,7479.57
2204,1773.92
2207,9898.25
2210,2588.33
2213,6997.47
2216,1566.46
2219,1070.6
2222,2898.54
2225,1793.82
2228,2346.62
2231,480.84
2234,9579.41
2237,8908.99
2240,8214.13
2243,2811.02
2246,7568.64
2249,7797.64
2252,1845.86
2255,7919.31
2258,7904.98
2261,6548.78
2264,3264.83
2267,4227.14
2270,207.51
2273,8946.54
2276,8692.11
2279,3180.94
2282,4249.15
2285,6837.01
2288,3019.95
2291,9949.09
2294,6239.53
2297,1613.0
2300,4398.12
2303,9055.12
2306,969.58
2309,8225.09
2312,3926.76
2315,6892.13
2318,7297.91
2321,2360.09
2324,7781.13
2327,933.64
2330,5371.44
2333,5793.11
2336,2613.33
2339,6916.01
2342,7393.37
2345,1309.4
2348,2257.25
2351,9994.05
2354,1016.74
2357,9074.69
2360,671.7
2363,2162.59
2366,3329.78
2369,2854.03
2372,993.78
2375,3841.21
2378,1471.46
2381,8861.12
2384,1186.58
2387,7588.45
2390,1592.89
2393,2875.58
2396,7206.21
2399,4052.03
2402,8035.93
2405,1996.35
2408,8027.51
2411,4455.81
2414,2319.76
2417,4385.63
2420,1910.42
2423,4419.24
2426,5483.65
2429,5573.56
2432,2393.69
2435,2921.47
2438,1835.09
2441,969.67
2444,9102.96
2447,4471.19
2450,2073.11
2453,789.42
2456,9653.09
2459,272.54
2462,3590.43
2465,3667.64
2468,787.1
2471,5832.81
2474,8380.05
2477,9210.76
2480,6790.3
2483,2456.16
2486,1572.46
2489,4613.53
2492,3665.84
2495,7944.36
2498,6572.76
2501,7618.79
2504,7598.2
2507,1774.87
2510,4837.34
2513,2361.74
2516,5899.36
2519,9691.66
2522,5317.11
2525,2004.58
2528,1589.72
2531,5291.45
2534,3048.84
2537,9493.1
2540,4901.49
2543,2310.83
2546,6100.63
2549,5287.96
2552,1573.39
2555,4803.53
2558,1059.84
2561,8272.98
2564,1026.25
2567,8804.19
2570,8123.13
2573,5931.17
2576,9491.37
2579,5099.92
2582,8855.87
2585,6469.56
2588,6352.27
2591,8106.83
2594,3412.7
2597,3647.73
2600,9525.64
2603,1713.6
2606,4633.6
2609,4657.55
2612,2531.0
2615,7820.86
2618,6211.35
2621,2357.0
2624,6046.91
2627,6050.77
2630,5679.18
2633,7298.42
2636,132.96
2639,8558.74
2642,2970.74
2645,2150.13
2648,1002.18
2651,3379.24
2654,5293.61
2657,9165.18
2660,5039.64
2663,5185.96
2666,6998.44
2669,9566.2
2672,6613.87
2675,8165.07
2678,526.99
2681,4775.85
2684,5867.25
2687,5986.32
2690,1726.52
2693,9277.64
2696,296.2
2699,403.94
2702,188.99
2705,9161.36
2708,9031.75
2711,7728.93
2714,1606.04
2717,9526.63
2720,6061.62
2723,4515.27
2726,9254.88
2729,1613.4
2732,4565.25
2735,9408.9
2738,9636.04
2741,3890.67
2744,2031.33
2747,781.5
2750,6462.12
2753,6120.58
2756,7208.93
2759,249.9
2762,7528.76
2765,9105.56
2768,1240.7
2771,940.65
2774,1098.78
2777,2592.73
2780,7448.48
2783,9397.63
2786,3357.01
2789,8174.01
2792,3305.05
2795,4917.75
2798,2510.55
2801,7998.64
2804,6982.49
2807,5209.69
2810,4371.56
2813,3841.47
2816,8044.97
2819,1191.35
2822,5155.91
2825,4658.19
2828,7444.43
2831,584.09
2834,6058.16
2837,4753.52
2840,6432.02
2843,9067.33
2846,2373.01
2849,9588.07
2852,905.32
2855,9975.57
2858,6701.25
2861,6581.58
2864,7456.31
2867,2204.17
2870,3423.01
2873,3193.27
2876,5572.33
2879,2924.24
2882,8055.39
2885,1532.02
2888,818.64
2891,6907.8
2894,154.43
2897,3427.73
2900,9468.5
2903,9127.52
2906,1837.89
2909,4907.91
2912,8907.62
2915,4882.1
2918,5661.51
2921,9641.53
2924,3963.71
2927,6233.14
2930,977.29
2933,5721.85
2936,8410.74
2939,8221.43
2942,192.05
2945,7611.53
2948,213.94
2951,8013.83
2954,2324.08
2957,1133.92
2960,3051.25
2963,9904.31
2966,1318.2
2969,5528.78
2972,2782.76
2975,1764.97
2978,6250.05
2981,423.73
2984,6025.82
2987,9068.58
2990,5387.16
2993,5864.12
2996,8782.41
2999,3461.03
3002,801.05
3005,7600.61
3008,8996.66
3011,9362.57
3014,1100.43
3017,4288.49
3020,5153.14
3023,3621.31
3026,7123.66
3029,7413.87
3032,3340.64
3035,8927.9
3038,9374.99
3041,8952.63
3044,5710.65
3047,116.81
3050,2494.57
3053,7401.88
3056,8140.96
3059,5332.68
3062,6718.92
3065,4229.17
3068,133.8
3071,2868.49
3074,6573.06
3077,6524.89
3080,2499.18
3083,294.19
3086,8487.82
3089,1221.39
3092,8858.01
3095,9507.72
3098,7786.32
3101,6332.13
3104,6667.82
3107,6129.42
3110,9565.42
3113,1056.33
3116,4085.7
3119,3818.71
3122,3791.37
3125,6139.02
3128,2366.71
3131,6939.77
3134,543.31
3137,5001.01
3140,1006.19
3143,3961.27
3146,6933.61
3149,920.59
3152,5563.52
3155,6056.23
3158,9834.17
3161,9067.05
3164,2368.23
3167,9129.37
3170,8441.82
3173,4161.95
3176,7939.42
3179,2360.66
3182,5997.18
3185,3190.18
3188,8581.09
3191,3019.51
3194,5653.16
3197,9865.88
3200,8430.95
3203,4866.0
3206,9919.51
3209,9495.85
3212,6968.19
3215,2384.16
3218,6251.25
3221,236.21
3224,8990.51
3227,270.5
3230,6798.83
3233,9646.43
3236,2808.2
3239,1183.0
3242,8146.35
3245,4169.73
3248,7310.42
3251,9937.16
3254,5980.19
3257,4879.22
3260,8163.28
3263,7978.04
3266,3453.04
3269,8224.06
3272,1761.14
3275,9313.56
3278,5660.81
3281,8574.8
3284,376.93
3287,336.14
3290,5474.87
3293,7596.81
3296,586.28
3299,4387.51
3302,1624.54
3305,819.29
3308,9748.58
3311,8408.62
3314,7361.07
3317,3862.81
3320,6627.18
3323,4849.04
3326,2252.54
3329,6120.8
3332,5449.6
3335,7869.82
3338,355.21
3341,2380.79
3344,5374.83
3347,6887.38
3350,5680.83
3353,6369.94
3356,6664.19
3359,9753.82
3362,7038.31
3365,6522.31
3368,3796.15
3371,1410.34
3374,9451.55
3377,5013.39
3380,7556.69
3383,158.66
3386,9372.64
3389,1892.41
3392,9232.51
3395,1543.55
3398,3164.14
3401,8281.02
3404,2004.22
3407,5925.17
3410,724.91
3413,5856.79
3416,3630.48
3419,4320.14
3422,4078.83
3425,6663.75
3428,5281.85
3431,6690.88
3434,2103.49
3437,6644.36
3440,8061.82
3443,6690.58
3446,5192.48
3449,9310.37
3452,3297.79
3455,2367.63
3458,4286.7
3461,3791.35
3464,270.75
3467,8386.34
3470,5587.61
3473,3508.13
3476,5584.99
3479,3837.21
3482,2514.07
3485,6573.79
3488,4547.93
3491,873.05
3494,1158.26
3497,2122.8
3500,8687.86
3503,2393.81
3506,8588.23
3509,2503.39
3512,4623.22
3515,1609.13
3518,199.74
3521,386.61
3524,3743.26
3527,4489.96
3530,1767.41
3533,4479.24
3536,4783.09
3539,4732.34
3542,6705.14
3545,8177.01
3548,5666.17
3551,2802.65
3554,6553.98
3557,224.98
3560,1867.36
3563,3429.29
3566,5142.2
3569,4875.61
3572,2090.66
3575,3180.13
3578,8919.97
3581,2484.65
3584,3796.15
3587,2173.95
3590,3095.0
3593,5789.69
3596,2432.26
3599,3457.98
3602,3588.16
3605,2423.35
3608,560.26
3611,1353.8
3614,4755.07
3617,2208.5
3620,132.73
3623,1247.08
3626,5515.51
3629,627.89
3632,5686.42
3635,2270.08
3638,2030.95
3641,9659.77
3644,1434.93
3647,4510.89
3650,9440.46
3653,2893.47
3656,8544.89
3659,4903.32
3662,9300.77
3665,6573.78
3668,9684.28
3671,6628.88
3674,5136.91
3677,2427.41
3680,8409.57
3683,8921.37
3686,914.81
3689,5653.87
3692,2693.23
3695,1118.72
3698,6928.58
3701,1331.74
3704,8851.78
3707,8320.39
3710,5938.87
3713,8711.1
3716,7268.16
3719,7432.55
3722,5920.45
3725,1320.48
3728,7232.64
3731,2336.03
3734,3423.96
3737,2649.39
3740,1083.86
3743,465.74
3746,5940.49
3749,3400.02
3752,7058.85
3755,7276.84
3758,6440.89
3761,6443.46
3764,3801.36
3767,8769.31
3770,5283.03
3773,2524.34
3776,1402.82
3779,7218.4
3782,8776.29
3785,5754.5
3788,1897.27
3791,2614.99
3794,1421.06
3797,3616.95
3800,9502.82
3803,9514.56
3806,4637.28
3809,7479.33
3812,8570.29
3815,5674.52
3818,5667.3
3821,8166.42
3824,2120.04
3827,5143.86
3830,1665.11
3833,493.86
3836,2661.26
3839,1472.15
3842,9039.64
3845,4402.93
3848,4057.75
3851,5585.48
3854,3164.36
3857,6537.45
3860,837.18
3863,1576.84
3866,4306.47
3869,8067.67
3872,5880.81
3875,719.77
3878,3978.29
3881,9522.92
3884,7020.88
3887,8039.39
3890,5205.28
3893,5654.79
3896,291.45
3899,5984.93
3902,910.49
3905,2559.03
3908,328.43
3911,6081.2
3914,144.36
3917,3183.0
3920,7168.2
3923,8110.55
3926,8222.47
3929,8668.23
3932,9686.16
3935,6339.82
3938,2751.5
3941,7677.05
3944,5499.38
3947,3348.47
3950,3302.44
3953,8843.41
3956,164.81
3959,9875.92
3962,7667.77
3965,8699.66
3968,1538.65
3971,1188.66
3974,5767.28
3977,4967.92
3980,6514.3
3983,6178.72
3986,4743.79
3989,8473.09
3992,1384.88
3995,2154.85
3998,4624.33
4001,8365.64
4004,9339.56
4007,6736.26
4010,9718.59
4013,8476.24
4016,8112.58
4019,2222.31
4022,6642.09
4025,1300.59
4028,949.35
4031,2194.52
4034,1938.82
4037,7931.5
4040,4824.82
4043,2666.54
4046,5381.3
4049,7890.62
4052,7161.44
4055,8791.17
4058,7973.51
4061,3946.62
4064,5220.73
4067,211.61
4070,9988.59
4073,3356.83
4076,1370.72
4079,8147.51
4082,6008.9
4085,5916.31
4088,7570.22
4091,7183.14
4094,728.23
4097,6462.25
4100,9933.81
4103,3021.8
4106,7664.16
4109,2908.86
4112,295.18
4115,7366.91
4118,3644.25
4121,8842.59
4124,312.47
4127,8917.44
4130,6477.58
4133,9005.96
4136,3402.97
4139,5460.18
4142,8226.91
4145,5686.49
4148,6096.0
4151,2823.79
4154,148.54
4157,6615.83
4160,2702.08
4163,4001.12
4166,3714.21
4169,2196.62
4172,7409.77
4175,5727.09
4178,8732.96
4181,995.0
4184,3403.77
4187,9477.81
4190,8443.76
4193,8673.61
4196,7293.37
4199,8826.96
4202,8897.45
4205,4155.46
4208,5301.02
4211,2598.5
4214,4186.12
4217,279.57
4220,9830.95
4223,241.42
4226,256.89
4229,193.79
4232,2738.57
4235,6615.91
4238,3832.23
4241,5559.84
4244,1001.78
4247,602.38
4250,8108.1
4253,607.79
4256,3076.3
4259,7994.33
4262,9020.61
4265,2123.44
4268,1452.72
4271,8126.15
4274,2979.29
4277,2839.45
4280,8755.87
4283,6843.29
4286,9014.3
4289,5630.96
4292,1595.44
4295,4463.63
4298,4192.27
4301,1008.88
4304,9217.29
4307,6153.28
4310,9491.28
4313,8361.0
4316,8194.02
4319,2425.98
4322,8060.96
4325,3527.1
4328,285.94
4331,2392.25
4334,6453.83
4337,5423.26
4340,2354.45
4343,9323.52
4346,4377.89
4349,6685.74
4352,8460.8
4355,4325.91
4358,6322.27
4361,5268.86
4364,2331.03
4367,2291.18
4370,2642.3
4373,8081.93
4376,3039.45
4379,3757.16
4382,842.99
4385,9700.54
4388,9677.58
4391,6034.35
4394,5595.26
4397,1850.6
4400,1031.82
4403,4136.26
4406,4464.11
4409,9023.98
4412,6534.17
4415,9625.54
4418,8292.32
4421,659.57
4424,4526.27
4427,2823.61
4430,4764.34
4433,4894.71
4436,9866.1
4439,6952.3
4442,6503.83
4445,8491.47
4448,5491.96
4451,5718.94
4454,8541.77
4457,1956.57
4460,3298.82
4463,868.17
4466,7626.57
4469,9017.88
4472,5003.2
4475,1972.66
4478,6809.94
4481,6412.56
4484,3362.81
4487,8391.87
4490,7756.02
4493,1887.86
4496,169.13
4499,4884.83
4502,8077.93
4505,5179.65
4508,3192.62
4511,2365.68
4514,5409.91
4517,2010.09
4520,244.0
4523,4472.71
4526,2473.98
4529,6067.04
4532,934.38
4535,6112.21
4538,2524.98
4541,2060.66
4544,492.31
4547,1956.19
4550,5425.58
4553,921.18
4556,9699.56
4559,1365.57
4562,292.15
4565,2916.88
4568,3079.27
4571,119.16
4574,8076.44
4577,512.94
4580,8716.94
4583,2573.19
4586,284.72
4589,4643.4
4592,7007.1
4595,4744.14
4598,6387.09
4601,2531.8
4604,767.41
4607,3868.06
4610,1728.74
4613,5008.99
4616,747.28
4619,6018.63
4622,630.0
4625,3866.91
4628,1233.18
4631,204.22
4634,7895.57
4637,1607.93
4640,6861.51
4643,2304.62
4646,1753.19
4649,5071.98
4652,1326.23
4655,2582.01
4658,2872.47
4661,4388.78
4664,1840.58
4667,6529.23
4670,4204.08
4673,227.05
4676,2674.62
4679,9761.72
4682,6783.49
4685,7756.07
4688,5911.25
4691,2760.79
4694,8946.08
4697,649.24
4700,6714.39
4703,7058.31
4706,6215.92
4709,395.81
4712,2702.27
4715,4514.94
4718,2890.46
4721,3885.4
4724,220.57
4727,6172.58
4730,6124.28
4733,5740.24
4736,2339.11
4739,6451.14
4742,4359.06
4745,1020.18
4748,1064.89
4751,8853.83
4754,8389.87
4757,6614.53
4760,4159.07
4763,9159.9
4766,4256.9
4769,1369.04
4772,2058.67
4775,675.24
4778,7008.01
4781,3855.42
4784,5096.48
4787,6407.18
4790,846.63
4793,4239.12
4796,8961.25
4799,3332.33
4802,8942.95
4805,455.99
4808,4735.37
4811,2301.1
4814,524.51
4817,6234.07
4820,2343.12
4823,8843.54
4826,7413.8
4829,8267.17
4832,1645.98
4835,5291.0
4838,200.92
4841,4995.62
4844,2388.13
4847,9848.7
4850,2230.12
4853,4930.02
4856,8280.91
4859,715.5
4862,1823.45
4865,6074.01
4868,9431.09
4871,6685.13
4874,5874.02
4877,3982.25
4880,4505.49
4883,2970.08
4886,3163.4
4889,9480.51
4892,7315.34
4895,1264.49
4898,441.68
4901,504.25
4904,3176.71
4907,2598.04
4910,4226.9
4913,7990.4
4916,5177.55
4919,8502.4
4922,8494.28
4925,1811.27
4928,3467.47
4931,6399.87
4934,8981.49
4937,7028.17
4940,5694.75
4943,6569.61
4946,7164.44
4949,4781.85
4952,4557.07
4955,9086.82
4958,8777.65
4961,4522.83
4964,5969.58
4967,4190.16
4970,7771.29
4973,1898.4
4976,3069.51
4979,1213.25
4982,9700.55
4985,4956.19
4988,9385.28
4991,2162.27
4994,7370.92
4997,7576.24
5000,1964.67
5003,8951.08
5006,4433.91
5009,1043.76
5012,4830.17
5015,2255.69
5018,7368.13
5021,6119.34
5024,2948.43
5027,9659.11
5030,9396.18
5033,8850.07
5036,8494.6
5039,8230.19
5042,1052.91
5045,2879.29
5048,9358.21
5051,3293.28
5054,7648.49
5057,5987.25
5060,6761.32
5063,5722.77
5066,5102.02
5069,8256.11
5072,1511.12
5075,173.81
5078,8724.99
5081,8002.42
5084,2923.34
5087,1796.35
5090,9798.79
5093,3238.76
5096,4084.01
5099,1588.47
5102,5587.64
5105,922.0
5108,3528.87
5111,1241.24
5114,3501.98
5117,5346.55
5120,7754.41
5123,7448.57
5126,8143.49
5129,383.81
5132,7813.01
5135,9988.23
5138,7800.82
5141,6756.86
5144,7249.66
5147,148.23
5150,8036.71
5153,2014.63
5156,6110.01
5159,6711.06
5162,2316.31
5165,7934.13
5168,8676.46
5171,5601.23
5174,9505.57
5177,6116.25
5180,9932.79
5183,7211.43
5186,1996.03
5189,8194.07
5192,5509.29
5195,3609.8
5198,4393.37
5201,2133.02
5204,3013.36
5207,7271.77
5210,4835.18
5213,500.28
5216,7921.64
5219,9869.6
5222,4500.07
5225,242.8
5228,9614.58
5231,9748.61
5234,8044.98
5237,3483.97
5240,3833.53
5243,467.31
5246,1369.82
5249,3285.46
5252,1917.97
5255,2062.67
5258,5732.34
5261,5661.05
5264,7937.4
5267,3887.4
5270,7479.51
5273,4268.79
5276,5296.36
5279,9466.64
5282,2354.9
5285,4772.03
5288,5429.04
5291,9583.15
5294,2774.8
5297,5761.14
5300,9236.28
5303,6273.31
5306,7435.96
5309,3085.11
5312,5884.25
5315,4006.64
5318,6421.0
5321,3198.77
5324,2903.19
5327,4089.54
5330,4607.78
5333,1882.43
5336,5360.51
5339,5956.96
5342,2782.75
5345,2438.09
5348,7649.17
5351,2273.63
5354,6345.28
5357,3716.85
5360,8696.58
5363,124.89
5366,8454.11
5369,8834.8
5372,9098.73
5375,6837.03
5378,8408.05
5381,2520.7
5384,6970.15
5387,4401.96
5390,8052.68
5393,5210.07
5396,334.5
5399,3407.55
5402,1263.62
5405,8807.09
5408,4514.28
5411,336.95
5414,4204.21
5417,3870.48
5420,6371.32
5423,5997.54
5426,314.52
5429,7702.49
5432,7820.47
5435,8131.81
5438,4015.55
5441,2909.26
5444,8618.22
5447,5736.81
5450,7266.81
5453,3058.09
5456,2916.87
5459,9195.45
5462,8669.22
5465,8738.36
5468,5747.35
5471,2457.87
5474,9540.7
5477,1368.77
5480,5648.99
5483,754.44
5486,2710.31
5489,8429.29
5492,5488.19
5495,8537.18
5498,603.36
5501,1512.97
5504,6209.43
5507,9436.96
5510,3326.0
5513,8176.4
5516,4464.52
5519,4703.81
5522,8751.29
5525,7155.73
5528,6646.26
5531,4725.48
5534,3233.46
5537,5080.39
5540,2774.84
5543,2642.49
5546,9084.46
5549,7089.74
5552,9048.96
5555,1104.91
5558,4453.68
5561,4768.62
5564,6957.87
5567,189.72
5570,2124.49
5573,6048.72
5576,4350.79
5579,6256.07
5582,4414.86
5585,8966.51
5588,8922.51
5591,1124.82
5594,6327.83
5597,9703.47
5600,2525.86
5603,3997.56
5606,2154.4
5609,8291.33
5612,8180.19
5615,6933.83
5618,4383.19
5621,2910.7
5624,9369.37
5627,3389.4
5630,9222.0
5633,1869.29
5636,5721.48
5639,1560.44
5642,6566.12
5645,5397.75
5648,7160.23
5651,8787.36
5654,1667.64
5657,6866.82
5660,423.07
5663,536.23
5666,7243.63
5669,376.79
5672,9997.76
5675,3203.08
5678,4444.19
5681,4962.68
5684,5852.95
5687,1740.07
5690,6294.85
5693,8086.94
5696,5212.55
5699,6842.58
5702,2245.9
5705,1194.79
5708,6505.35
5711,4458.99
5714,7606.73
5717,5890.65
5720,8441.02
5723,9100.37
5726,4461.87
5729,8181.82
5732,1068.31
5735,8961.47
5738,6838.07
5741,1347.89
5744,294.48
5747,4099.3
5750,9135.53
5753,4105.18
5756,642.64
5759,9171.87
5762,8403.82
5765,2318.61
5768,6007.31
5771,8020.59
5774,9296.94
5777,4041.15
5780,3322.37
5783,9192.08
5786,3376.07
5789,5554.39
5792,6110.21
5795,7001.9
5798,1234.89
5801,7817.79
5804,6855.39
5807,4167.51
5810,1605.77
5813,5709.04
5816,8161.85
5819,266.12
5822,8819.53
5825,7632.4
5828,2127.01
5831,3247.08
5834,7684.07
5837,204.7
5840,4976.16
5843,1828.09
5846,925.01
5849,4602.94
5852,3973.7
5855,9563.59
5858,7506.31
5861,5146.04
5864,423.68
5867,7268.56
5870,7883.28
5873,4061.12
5876,2544.3
5879,2242.8
5882,5622.25
5885,1135.89
5888,5930.25
5891,9711.58
5894,6373.56
5897,5722.71
5900,9397.99
5903,4491.83
5906,2088.21
5909,4204.69
5912,1509.1
5915,225.69
5918,7981.56
5921,951.52
5924,7265.28
5927,7685.1
5930,7586.93
5933,6504.3
5936,8216.57
5939,1446.54
5942,2233.16
5945,7017.44
5948,5462.32
5951,5508.49
5954,9461.68
5957,3127.98
5960,5342.7
5963,6625.05
5966,4285.52
5969,1345.38
5972,8948.8
5975,6596.14
5978,3735.06
5981,2981.69
5984,3763.11
5987,9112.31
5990,2280.91
5993,7338.57
5996,585.54
5999,2336.76
6002,6640.41
6005,6678.36
6008,2632.47
6011,4158.17
6014,3057.39
6017,8536.47
6020,9997.49
6023,9710.75
6026,5690.85
6029,315.35
6032,9810.97
6035,9711.86
6038,1418.54
6041,6847.53
6044,647.89
6047,5165.94
6050,7388.24
6053,3214.48
6056,7819.91
6059,4460.36
6062,3209.79
6065,2583.09
6068,9573.95
6071,1523.05
6074,9576.24
6077,8329.02
6080,5787.28
6083,842.35
6086,9703.84
6089,8309.1
6092,2328.76
6095,7766.72
6098,9504.48
6101,239.02
6104,2686.75
6107,9741.5
6110,1451.75
6113,4296.53
6116,6773.84
6119,6309.61
6122,6639.86
6125,3743.99
6128,1382.08
6131,8437.89
6134,8950.66
6137,2193.23
6140,8163.86
6143,447.31
6146,4135.34
6149,6494.03
6152,8119.34
6155,7174.31
6158,6205.76
6161,3141.92
6164,9488.78
6167,5153.85
6170,4030.71
6173,4370.48
6176,3988.41
6179,7347.71
6182,1576.63
6185,2858.04
6188,5105.97
6191,7984.75
6194,308.85
6197,6638.12
6200,4127.67
6203,5697.2
6206,2456.84
6209,2457.13
6212,8770.38
6215,6676.3
6218,8747.98
6221,8162.24
6224,5554.05
6227,8875.14
6230,2258.31
6233,6614.23
6236,6271.3
6239,6463.71
6242,4232.95
6245,4146.8
6248,150.41
6251,5262.78
6254,2096.3
6257,4626.82
6260,1853.12
6263,3545.65
6266,3864.47
6269,2258.3
6272,882.43
6275,7197.33
6278,9935.47
6281,4484.19
6284,4622.9
6287,2506.25
6290,5333.35
6293,7344.29
6296,8619.86
6299,2048.95
6302,346.65
6305,4964.39
6308,9070.84
6311,9655.96
6314,1000.43
6317,1925.92
6320,5698.4
6323,235.76
6326,1165.34
6329,5604.05
6332,2505.15
6335,9189.96
6338,8750.18
6341,8021.21
6344,5694.34
6347,7922.53
6350,1246.72
6353,5739.64
6356,3256.38
6359,6910.03
6362,182.65
6365,1794.66
6368,3867.7
6371,8349.18
6374,668.81
6377,7540.91
6380,3450.3
6383,242.38
6386,9394.14
6389,3347.34
6392,7940.88
6395,2978.78
6398,9693.91
6401,5223.91
6404,2573.65
6407,2030.79
6410,2323.62
6413,7266.56
6416,9445.65
6419,4912.11
6422,9868.38
6425,6673.71
6428,4075.32
6431,301.87
6434,350.8
6437,3174.96
6440,8905.48
6443,8496.74
6446,7270.1
6449,9500.8
6452,1168.27
6455,1457.18
6458,2756.82
6461,8790.77
6464,5951.9
6467,623.3
6470,3085.15
6473,5495.59
6476,2557.79
6479,467.88
6482,6623.74
6485,6958.3
6488,3045.51
6491,8100.46
6494,6501.71
6497,730.59
6500,1182.3
6503,7960.84
6506,6705.06
6509,4071.49
6512,8330.95
6515,267.08
6518,2790.01
6521,4884.44
6524,9515.06
6527,2139.17
6530,358.55
6533,152.66
6536,2843.14
6539,1583.85
6542,8578.17
6545,9041.99
6548,4879.68
6551,1623.22
6554,3732.46
6557,7311.64
6560,580.0
6563,3516.47
6566,9299.17
6569,8672.54
6572,4291.51
6575,8176.93
6578,8562.4
6581,772.77
6584,1877.22
6587,9221.25
6590,8615.0
6593,7719.71
6596,1942.09
6599,6388.29
6602,5472.04
6605,2720.16
6608,2132.23
6611,6042.22
6614,1303.4
6617,7553.34
6620,8107.8
6623,3428.96
6626,8830.01
6629,7000.12
6632,3918.09
6635,7199.77
6638,9305.71
6641,4950.52
6644,6957.38
6647,5655.63
6650,4701.21
6653,7327.94
6656,6809.62
6659,9177.96
6662,1406.45
6665,6467.94
6668,7136.14
6671,5163.49
6674,1896.35
6677,1799.12
6680,9868.09
6683,9341.37
6686,6192.4
6689,1729.37
6692,2484.97
6695,1894.72
6698,8650.39
6701,2114.6
6704,8584.51
6707,7070.96
6710,5520.13
6713,3807.6
6716,3203.87
6719,6366.51
6722,7284.43
6725,3256.76
6728,6328.48
6731,4423.16
6734,2760.48
6737,7939.12
6740,3703.0
6743,6543.07
6746,7322.45
6749,3749.49
6752,9019.1
6755,6514.52
6758,3491.16
6761,7114.93
6764,8096.09
6767,4228.14
6770,5386.64
6773,4328.32
6776,6011.88
6779,3307.47
6782,3907.26
6785,8190.45
6788,9534.24
6791,7674.9
6794,9374.12
6797,3442.98
6800,169.96
6803,1363.29
6806,3416.86
6809,3754.19
6812,5994.95
6815,2411.41
6818,5389.28
6821,1783.68
6824,6512.98
6827,2486.42
6830,6881.72
6833,1987.47
6836,8290.98
6839,3998.23
6842,3757.46
6845,5301.58
6848,2297.81
6851,9437.19
6854,7497.08
6857,5702.69
6860,715.58
6863,5070.16
6866,7584.78
6869,4822.13
6872,6026.43
6875,4132.91
6878,3337.82
6881,8821.48
6884,1210.14
6887,2849.24
6890,9803.23
6893,5165.74
6896,7309.96
6899,7344.4
6902,7316.87
6905,537.49
6908,7955.95
6911,1488.76
6914,4248.39
6917,8250.27
6920,3083.94
6923,7739.35
6926,1925.09
6929,5459.95
6932,7445.94
6935,2204.76
6938,6746.91
6941,869.16
6944,5071.52
6947,2575.78
6950,9384.14
6953,2828.45
6956,6349.1
6959,7106.95
6962,6152.58
6965,5142.11
6968,5508.05
6971,243.41
6974,8506.32
6977,6789.74
6980,1156.57
6983,4850.77
6986,9864.67
6989,3202.41
6992,222.01
6995,6786.42
6998,1812.29
7001,2045.58
7004,4234.93
7007,4211.37
7010,2381.19
7013,6066.95
7016,196.24
7019,3476.89
7022,5524.03
7025,3120.99
7028,6375.07
7031,9951.91
7034,6755.34
7037,115.77
7040,8203.3
7043,2710.05
7046,4219.49
7049,3099.32
7052,3848.51
7055,6961.01
7058,5579.12
7061,671.83
7064,2079.55
7067,7469.02
7070,9102.04
7073,1590.85
7076,7447.43
7079,5596.89
7082,409.68
7085,4947.45
7088,5627.6
7091,2374.5
7094,5449.54
7097,4670.99
7100,4968.06
7103,8089.69
7106,7718.45
7109,6109.92
7112,7698.78
7115,7101.63
7118,7717.69
7121,8861.4
7124,8427.75
7127,1493.18
7130,7699.32
7133,3567.89
7136,3278.24
7139,528.09
7142,452.85
7145,1517.29
7148,659.56
7151,7933.04
7154,7820.41
7157,2127.12
7160,1423.34
7163,6957.13
7166,7404.66
7169,3505.35
7172,8283.47
7175,5657.07
7178,1163.81
7181,2009.33
7184,2577.74
7187,2101.23
7190,8340.01
7193,8928.25
7196,9958.94
7199,1770.37
7202,5407.72
7205,3345.9
7208,5243.76
7211,6684.74
7214,369.2
7217,3409.65
7220,3086.01
7223,3267.25
7226,9358.04
7229,7131.41
7232,1840.7
7235,1092.59
7238,4906.33
7241,2468.76
7244,5038.96
7247,1890.79
7250,4312.97
7253,6064.81
7256,1540.96
7259,5512.69
7262,3513.06
7265,1075.13
7268,6881.5
7271,7653.21
7274,9959.49
7277,8960.23
7280,7710.51
7283,1017.74
7286,9681.05
7289,8901.19
7292,3915.9
7295,2959.25
7298,1204.71
7301,1100.73
7304,3366.22
7307,5057.19
7310,3763.83
7313,8872.1
7316,5546.01
7319,5939.15
7322,159.57
7325,5432.99
7328,4486.13
7331,8017.0
7334,4538.35
7337,9122.84
7340,4538.79
7343,4275.07
7346,4745.72
7349,5631.65
7352,4494.03
7355,2802.01
7358,8741.83
7361,5851.93
7364,2773.69
7367,1327.61
7370,8806.29
7373,9190.88
7376,9009.7
7379,8719.38
7382,7788.57
7385,4141.48
7388,3795.42
7391,2598.42
7394,1950.51
7397,3921.44
7400,2054.62
7403,8830.45
7406,9460.41
7409,9979.21
7412,8301.22
7415,3523.97
7418,5782.84
7421,7837.96
7424,4931.76
7427,2139.59
7430,262.27
7433,3546.08
7436,1271.94
7439,602.62
7442,5092.48
7445,889.05
7448,8783.8
7451,5812.49
7454,469.13
7457,4234.42
7460,8976.94
7463,3346.79
7466,7395.54
7469,353.07
7472,7272.59
7475,8088.8
7478,2367.35
7481,7711.7
7484,9923.33
7487,9957.74
7490,4410.66
7493,1591.44
7496,688.91
7499,9811.36
7502,1514.77
7505,4456.11
7508,4617.49
7511,1812.58
7514,7447.41
7517,9801.35
7520,5960.97
7523,8194.63
7526,2911.68
7529,9650.61
7532,9331.39
7535,5721.27
7538,909.35
7541,5656.88
7544,4089.57
7547,6829.52
7550,7200.05
7553,3221.71
7556,8677.66
7559,3079.85
7562,3294.46
7565,7426.83
7568,4866.43
7571,5238.76
7574,5182.86
7577,7611.2
7580,7930.77
7583,9816.04
7586,3450.32
7589,6087.6
7592,8719.35
7595,3004.98
7598,6476.12
7601,7527.12
7604,8972.93
7607,8903.17
7610,1013.27
7613,1034.97
7616,7813.68
7619,168.0
7622,9309.52
7625,6410.07
7628,4971.32
7631,8364.69
7634,7600.35
7637,5655.57
7640,1020.75
7643,8059.83
7646,1344.36
7649,9919.07
7652,8465.08
7655,9272.84
7658,9165.33
7661,430.74
7664,5060.24
7667,1820.44
7670,2371.5
7673,1795.84
7676,8620.64
7679,2257.94
7682,6558.82
7685,5094.71
7688,2835.57
7691,777.85
7694,7214.97
7697,5222.13
7700,4327.02
7703,2850.88
7706,3325.65
7709,8693.14
7712,6100.4
7715,6443.3
7718,4254.29
7721,6070.81
7724,1928.07
7727,5891.87
7730,4390.42
7733,5908.77
7736,6552.77
7739,4288.54
7742,1342.32
7745,482.3
7748,8609.76
7751,4735.11
7754,3618.6
7757,2850.71
7760,985.05
7763,1213.21
7766,5569.97
7769,576.87
7772,3150.21
7775,7889.34
7778,3066.39
7781,4591.38
7784,7553.05
7787,4545.46
7790,7703.74
7793,3214.85
7796,6201.48
7799,5025.1
7802,8051.72
7805,6247.36
7808,871.43
7811,769.84
7814,6772.54
7817,1067.76
7820,1767.27
7823,9598.58
7826,3221.02
7829,1622.5
7832,2991.21
7835,7234.0
7838,9496.49
7841,482.39
7844,5226.13
7847,3346.87
7850,3370.95
7853,2154.83
7856,6786.28
7859,4684.51
7862,6020.86
7865,4171.61
7868,9354.9
7871,7962.89
7874,4455.94
7877,2057.68
7880,5541.49
7883,1802.33
7886,2181.77
7889,5531.2
7892,1884.27
7895,8993.18
7898,7560.69
7901,960.94
7904,9270.46
7907,4225.0
7910,6759.65
7913,9739.15
7916,5565.39
7919,5154.27
7922,8949.12
7925,2522.29
7928,2385.3
7931,4786.75
7934,2922.23
7937,6399.79
7940,827.78
7943,1457.56
7946,3907.18
7949,8706.74
7952,8445.18
7955,3140.85
7958,2988.54
7961,3770.33
7964,9214.45
7967,1745.11
7970,4642.39
7973,7261.25
7976,5151.89
7979,6209.09
7982,5558.44
7985,9210.27
7988,148.03
7991,8112.47
7994,1447.66
7997,8486.24
8000,3995.64
8003,9142.08
8006,7142.75
8009,7644.88
8012,8358.63
8015,4749.13
8018,4715.4
8021,1890.15
8024,8813.34
8027,5438.66
8030,7847.23
8033,2656.71
8036,5953.0
8039,7285.26
8042,7580.15
8045,8932.21
8048,5058.04
8051,5850.76
8054,8561.85
8057,7739.26
8060,6326.18
8063,1797.94
8066,6138.1
8069,6838.22
8072,6384.78
8075,8365.37
8078,3285.93
8081,323.85
8084,1867.58
8087,4205.52
8090,7150.06
8093,7256.78
8096,3108.84
8099,1774.27
8102,5577.63
8105,6554.13
8108,1259.88
8111,2879.16
8114,1637.01
8117,6938.79
8120,6139.43
8123,4408.26
8126,7582.71
8129,6003.84
8132,7555.66
8135,2825.27
8138,5812.58
8141,8689.51
8144,6275.53
8147,9512.4
8150,1834.69
8153,9143.87
8156,9564.93
8159,5070.95
8162,1559.48
8165,6687.5
8168,5864.25
8171,8124.41
8174,4588.87
8177,7686.35
8180,3426.33
8183,4144.43
8186,2905.2
8189,4398.01
8192,5713.98
8195,7013.97
8198,5451.98
8201,8644.13
8204,9106.71
8207,1315.21
8210,1523.53
8213,4176.71
8216,5144.82
8219,8400.59
8222,8661.99
8225,2011.27
8228,4946.09
8231,1217.36
8234,6803.94
8237,8748.65
8240,1054.74
8243,9949.04
8246,4199.05
8249,3661.76
8252,6685.33
8255,2698.81
8258,6494.58
8261,1474.25
8264,2430.93
8267,6408.6
8270,5868.44
8273,463.04
8276,8372.68
8279,9045.27
8282,8538.45
8285,8208.66
8288,9540.78
8291,2471.29
8294,2294.26
8297,6414.47
8300,7614.46
8303,1715.97
8306,231.99
8309,7979.65
8312,5971.06
8315,8763.93
8318,8117.22
8321,6141.23
8324,1141.71
8327,9579.92
8330,3961.09
8333,8604.87
8336,2807.54
8339,225.73
8342,4121.31
8345,9730.68
8348,9936.9
8351,6867.12
8354,3222.28
8357,4345.27
8360,228.59
8363,3889.82
8366,9837.86
8369,4937.28
8372,9207.2
8375,6588.01
8378,5242.38
8381,2632.3
8384,110.66
8387,5151.41
8390,6822.39
8393,5408.8
8396,9509.93
8399,4323.89
8402,8241.28
8405,6966.81
8408,6423.81
8411,7060.94
8414,5634.22
8417,697.55
8420,7709.37
8423,4319.49
8426,7285.85
8429,3313.96
8432,7769.87
8435,1368.96
8438,8973.78
8441,7267.61
8444,1758.07
8447,8214.82
8450,371.16
8453,2207.11
8456,226.09
8459,2844.67
8462,8561.4
8465,7587.98
8468,6999.99
8471,9371.51
8474,169.71
8477,9926.14
8480,366.47
8483,5053.22
8486,1943.84
8489,8136.69
8492,6613.66
8495,1977.72
8498,9945.91
8501,9576.92
8504,6183.4
8507,1713.03
8510,4056.86
8513,571.93
8516,2727.1
8519,6727.2
8522,7669.49
8525,7007.38
8528,839.0
8531,2252.42
8534,5879.51
8537,3111.35
8540,1002.96
8543,9745.32
8546,5518.69
8549,8517.07
8552,1854.09
8555,6488.01
8558,8094.97
8561,448.37
8564,1156.16
8567,9217.42
8570,9776.88
8573,4770.83
8576,5308.16
8579,4877.59
8582,5575.79
8585,3121.13
8588,9720.43
8591,330.67
8594,5724.62
8597,4688.8
8600,4048.43
8603,7026.34
8606,830.05
8609,121.59
8612,7758.94
8615,1325.42
8618,2385.23
8621,4445.86
8624,7434.57
8627,4970.13
8630,6025.41
8633,3435.03
8636,231.11
8639,5648.78
8642,4377.24
8645,6624.03
8648,3781.01
8651,9506.17
8654,8489.36
8657,4077.88
8660,4823.89
8663,3433.22
8666,3378.39
8669,4852.43
8672,5083.1
8675,5093.56
8678,7872.85
8681,1748.83
8684,5720.06
8687,5576.87
8690,8410.63
8693,8022.09
8696,5962.83
8699,7863.89
8702,2040.1
8705,6874.42
8708,6137.09
8711,5690.4
8714,6057.09
8717,4051.97
8720,8674.63
8723,4739.67
8726,1556.58
8729,1450.4
8732,479.44
8735,3168.55
8738,7385.99
8741,8871.42
8744,6563.03
8747,2338.6
8750,8645.33
8753,6801.73
8756,8878.56
8759,5346.9
8762,5099.85
8765,3279.99
8768,1983.3
8771,9102.64
8774,5236.49
8777,5972.24
8780,9347.98
8783,2826.39
8786,2108.76
8789,1175.75
8792,5834.93
8795,4124.96
8798,7224.87
8801,6475.86
8804,2312.66
8807,9860.29
8810,756.08
8813,8633.98
8816,6436.27
8819,1452.4
8822,3641.51
8825,6004.22
8828,9937.57
8831,194.67
8834,1221.31
8837,5033.52
8840,8900.07
8843,211.24
8846,4545.71
8849,629.9
8852,2274.53
8855,9652.17
8858,9492.25
8861,7140.34
8864,6084.93
8867,7967.3
8870,2063.45
8873,5812.7
8876,8476.08
8879,3642.06
8882,2494.94
8885,3198.91
8888,3257.89
8891,5421.65
8894,9355.88
8897,4018.29
8900,6471.89
8903,2549.47
8906,7433.6
8909,5589.32
8912,942.3
8915,5095.65
8918,1500.22
8921,8951.13
8924,9361.84
8927,6949.77
8930,4410.96
8933,1831.85
8936,7859.54
8939,2226.63
8942,8924.97
8945,6860.15
8948,1070.68
8951,608.78
8954,9967.67
8957,8499.85
8960,501.68
8963,1622.08
8966,4261.07
8969,1797.08
8972,7199.72
8975,4019.87
8978,5312.36
8981,596.88
8984,4283.95
8987,9199.11
8990,6846.38
8993,1978.56
8996,6144.25
8999,7104.52
9002,971.28
9005,8857.92
9008,7756.03
9011,1925.57
9014,7265.67
9017,5698.22
9020,9619.93
9023,4520.18
9026,8354.42
9029,6691.67
9032,1125.1
9035,2396.69
9038,4117.41
9041,6194.74
9044,287.76
9047,166.44
9050,6828.72
9053,2198.92
9056,1095.55
9059,3533.33
9062,2844.55
9065,6694.67
9068,306.69
9071,8369.59
9074,2511.53
9077,842.97
9080,8133.98
9083,9342.15
9086,7005.8
9089,2743.4
9092,9649.24
9095,7917.53
9098,1545.65
9101,8474.83
9104,6734.26
9107,6013.13
9110,3317.36
9113,1242.19
9116,1625.92
9119,7421.12
9122,7847.36
9125,939.21
9128,1940.61
9131,758.2
9134,8175.32
9137,5245.53
9140,4938.83
9143,226.73
9146,8066.62
9149,2852.63
9152,4589.09
9155,2684.9
9158,9405.14
9161,534.66
9164,200.42
9167,4362.73
9170,4731.5
9173,4382.06
9176,8163.57
9179,6220.06
9182,1783.13
9185,5457.37
9188,130.59
9191,9557.15
9194,2594.72
9197,3438.86
9200,6289.38
9203,7510.24
9206,8557.44
9209,4922.26
9212,156.34
9215,125.23
9218,2781.98
9221,7581.7
9224,3205.8
9227,5021.51
9230,6442.87
9233,482.94
9236,3942.09
9239,5083.06
9242,4173.9
9245,9598.98
9248,340.57
9251,7271.78
9254,7276.22
9257,6717.15
9260,3832.07
9263,9311.81
9266,4908.6
9269,3840.75
9272,7542.35
9275,5044.87
9278,5999.64
9281,9485.1
9284,8885.83
9287,6108.18
9290,8053.36
9293,1835.28
9296,4151.75
9299,5177.0
9302,6781.95
9305,1282.2
9308,6757.91
9311,5341.41
9314,9338.04
9317,8026.65
9320,6096.98
9323,8351.56
9326,3302.33
9329,8067.13
9332,3967.97
9335,2000.98
9338,636.21
9341,214.95
9344,4808.68
9347,740.13
9350,5545.74
9353,1707.24
9356,577.34
9359,8413.4
9362,6522.67
9365,6113.99
9368,3170.27
9371,5316.5
9374,1209.83
9377,938.5
9380,4938.19
9383,5709.88
9386,7822.02
9389,1810.75
9392,8379.69
9395,2159.07
9398,9146.22
9401,7659.92
9404,7414.4
9407,439.79
9410,8992.82
9413,8169.57
9416,9769.13
9419,7010.18
9422,3694.0
9425,3305.58
9428,371.71
9431,8344.69
9434,7890.01
9437,2315.33
9440,4535.2
9443,9092.38
9446,6245.88
9449,7518.07
9452,4742.14
9455,3126.6
9458,9847.06
9461,8987.37
9464,9268.34
9467,743.53
9470,5648.13
9473,6131.56
9476,7079.66
9479,145.69
9482,7124.01
9485,6823.89
9488,7719.55
9491,3384.76
9494,4905.07
9497,5542.55
9500,6440.21
9503,2888.75
9506,9473.37
9509,340.51
9512,1381.79
9515,9164.34
9518,246.08
9521,4134.33
9524,4208.75
9527,1024.19
9530,1269.22
9533,9383.58
9536,5223.84
9539,942.15
9542,5262.06
9545,8715.07
9548,304.94
9551,3038.11
9554,4150.03
9557,3516.85
9560,536.41
9563,2684.99
9566,2915.75
9569,5986.62
9572,4432.54
9575,2514.58
9578,8981.23
9581,7481.41
9584,8858.88
9587,6607.2
9590,7959.43
9593,9733.5
9596,8835.33
9599,8654.3
9602,2498.41
9605,3924.54
9608,4774.46
9611,306.66
9614,1232.33
9617,6237.86
9620,2441.23
9623,4202.26
9626,3328.97
9629,2124.7
9632,3370.67
9635,7381.67
9638,4858.27
9641,7010.48
9644,2288.67
9647,6982.14
9650,2557.95
9653,3720.97
9656,2972.8
9659,9955.79
9662,3415.75
9665,2215.17
9668,1503.5
9671,9197.65
9674,8714.86
9677,9721.32
9680,346.19
9683,7457.55
9686,9612.79
9689,2913.44
9692,3346.24
9695,2544.93
9698,8801.33
9701,2989.87
9704,8900.88
9707,6703.53
9710,7974.99
9713,7957.32
9716,561.57
9719,589.89
9722,1656.45
9725,3391.39
9728,6592.5
9731,5900.36
9734,6259.4
9737,5246.42
9740,1137.22
9743,6163.86
9746,649.75
9749,7977.07
9752,8179.7
9755,1821.94
9758,3796.64
9761,3868.2
9764,2639.09
9767,977.07
9770,382.88
9773,4827.19
9776,5467.61
9779,5110.73
9782,8006.4
9785,6474.42
9788,9381.32
9791,7249.04
9794,6663.27
9797,7321.84
9800,3368.65
9803,7065.73
9806,8821.46
9809,5918.46
9812,2340.81
9815,5096.52
9818,4564.93
9821,5832.94
9824,8920.36
9827,1103.02
9830,2014.81
9833,1115.47
9836,9506.89
9839,3442.06
9842,7600.45
9845,3948.04
9848,7621.86
9851,1229.73
9854,2918.74
9857,5577.74
9860,6540.15
9863,1950.82
9866,671.05
9869,4093.74
9872,7587.64
9875,3355.53
9878,7179.2
9881,6949.91
9884,3767.08
9887,5769.54
9890,9179.4
9893,7209.58
9896,2834.17
9899,3226.49
9902,7105.53
9905,5489.72
9908,2598.98
9911,2579.12
9914,3612.42
9917,8146.66
9920,5753.8
9923,1996.83
9926,5729.91
9929,2115.03
9932,4883.22
9935,170.1
9938,9435.77
9941,1119.63
9944,9394.95
9947,7955.94
9950,9694.51
9953,2126.45
9956,2101.17
9959,2623.27
9962,1330.17
9965,7250.69
9968,6899.01
9971,1799.33
9974,6886.59
9977,6267.03
9980,2513.29
9983,1637.72
9986,9771.8
9989,738.65
9992,3890.76
9995,6299.72
9998,4551.68
10001,1967.87
10004,237.85
10007,5751.06
10010,6572.46
10013,1495.51
10016,8117.35
10019,1354.99
10022,279.18
10025,5986.37
10028,7563.44
10031,7044.07
10034,7586.14
10037,6551.36
10040,5878.97
10043,5568.58
10046,4373.55
10049,9763.42
10052,9904.04
10055,3932.93
10058,1654.02
10061,7094.0
10064,7604.64
10067,1253.66
10070,967.35
10073,1601.67
10076,7008.1
10079,8023.13
10082,368.12
10085,6797.36
10088,5140.5
10091,1868.69
10094,5449.56
10097,2764.5
10100,3766.02
10103,7564.73
10106,231.77
10109,1427.2
10112,3647.75
10115,6536.4
10118,8221.27
10121,6325.82
10124,5808.7
10127,9174.04
10130,6488.18
10133,5633.15
10136,5039.4
10139,1037.16
10142,4819.15
10145,272.51
10148,1567.65
10151,8142.88
10154,4047.47
10157,9607.02
10160,8710.31
10163,209.15
10166,9084.58
10169,1964.37
10172,508.32
10175,9740.93
10178,9786.21
10181,2965.45
10184,3595.64
10187,2670.03
10190,9649.5
10193,6118.65
10196,2975.22
10199,6096.09
10202,3092.1
10205,4663.29
10208,1951.54
10211,8589.92
10214,3671.71
10217,2443.75
10220,3871.11
10223,5126.16
10226,1870.85
10229,4579.31
10232,4348.97
10235,3154.4
10238,2924.62
10241,5910.12
10244,1212.43
10247,2079.27
10250,1911.66
10253,4491.56
10256,7936.86
10259,6670.25
10262,2203.64
10265,7874.01
10268,2875.78
10271,1457.1
10274,6070.38
10277,8548.9
10280,6212.87
10283,6271.62
10286,4790.96
10289,8654.52
10292,847.04
10295,3203.9
10298,3666.15
10301,872.57
10304,2599.38
10307,4565.83
10310,5492.02
10313,4253.87
10316,4257.85
10319,9213.19
10322,6993.66
10325,8412.08
10328,6823.42
10331,2533.14
10334,2719.31
10337,3037.4
10340,7244.35
10343,108.87
10346,5811.37
10349,5964.18
10352,3428.94
10355,6349.17
10358,3976.44
10361,1293.78
10364,8876.44
10367,3138.24
10370,9765.28
10373,7906.38
10376,5085.41
10379,7681.83
10382,9012.29
10385,7329.59
10388,6136.81
10391,691.6
10394,263.73
10397,4198.0
10400,1535.32
10403,9513.31
10406,1804.49
10409,4950.63
10412,9420.31
10415,3878.17
10418,3397.02
10421,963.17
10424,7846.34
10427,7062.28
10430,9298.74
10433,985.92
10436,1389.08
10439,2082.11
10442,3349.0
10445,7535.19
10448,8431.02
10451,9162.39
10454,2906.09
10457,3798.24
10460,8889.28
10463,3883.12
10466,2266.06
10469,5483.72
10472,8353.01
10475,6559.86
10478,4981.42
10481,8875.43
10484,3160.74
10487,275.99
10490,8633.27
10493,9846.57
10496,674.0
10499,9073.82
10502,1435.11
10505,845.14
10508,8631.32
10511,4865.07
10514,8807.23
10517,4100.66
10520,5939.77
10523,7085.89
10526,9083.93
10529,2663.69
10532,2138.92
10535,9369.16
10538,2114.57
10541,8763.59
10544,1510.88
10547,2531.48
10550,6145.57
10553,6631.98
10556,471.77
10559,4309.57
10562,6586.03
10565,5223.99
10568,4943.76
10571,7739.75
10574,5371.62
10577,2050.78
10580,6020.5
10583,252.45
10586,9320.36
10589,5770.42
10592,7526.3
10595,3155.91
10598,5926.02
10601,4775.31
10604,3447.14
10607,4111.48
10610,2461.03
10613,1773.44
10616,3750.18
10619,6919.57
10622,5789.61
10625,9324.55
10628,8265.1
10631,8367.98
10634,2619.01
10637,7526.35
10640,1655.32
10643,3260.08
10646,7382.45
10649,7024.56
10652,1307.22
10655,5041.58
10658,9531.89
10661,341.3
10664,3106.71
10667,9690.94
10670,8057.52
10673,1516.92
10676,2872.8
10679,3143.69
10682,2399.98
10685,2366.41
10688,8341.07
10691,3593.08
10694,9466.67
10697,1309.11
10700,2452.14
10703,4938.53
10706,3305.91
10709,1239.11
10712,9245.87
10715,4539.79
10718,253.5
10721,9033.7
10724,4183.53
10727,9148.53
10730,7857.48
10733,6125.11
10736,1818.11
10739,601.68
10742,2227.88
10745,2433.4
10748,8833.13
10751,7262.74
10754,4827.98
10757,2699.44
10760,9227.38
10763,9604.65
10766,5008.22
10769,4634.66
10772,3289.18
10775,649.31
10778,7413.52
10781,7292.34
10784,2298.92
10787,1351.16
10790,3870.14
10793,2890.96
10796,9007.71
10799,4652.96
10802,2489.54
10805,8206.53
10808,1189.0
10811,3617.38
10814,8663.08
10817,6574.72
10820,4529.62
10823,5714.78
10826,2215.75
10829,642.56
10832,564.16
10835,3378.43
10838,1955.58
10841,2220.22
10844,4847.49
10847,4861.46
10850,7368.81
10853,5570.85
10856,2614.51
10859,3884.85
10862,9946.01
10865,2352.72
10868,3240.82
10871,5171.17
10874,3781.94
10877,3103.44
10880,9282.68
10883,4504.73
10886,6919.26
10889,5126.2
10892,4714.6
10895,6886.76
10898,3312.84
10901,4387.36
10904,3354.76
10907,9425.99
10910,4302.39
10913,5467.81
10916,4842.75
10919,706.88
10922,1907.54
10925,1528.31
10928,7975.35
10931,4439.92
10934,4903.94
10937,917.6
10940,7229.49
10943,8585.81
10946,6005.08
10949,4659.26
10952,8560.57
10955,7992.4
10958,2042.02
10961,4378.28
10964,2563.34
10967,7954.0
10970,7147.34
10973,4681.24
10976,5031.69
10979,6121.6
10982,9545.71
10985,6355.72
10988,8629.2
10991,2263.75
10994,7852.48
10997,8129.31
