1003,8844.42
1007,5748.56
1011,5889.02
1015,1842.77
1019,6437.97
1023,2502.83
1027,8008.9
1031,1145.88
1035,7154.5
1039,8349.4
1043,2834.95
1047,9014.86
1051,5929.43
1055,4941.38
1059,3975.91
1063,5605.53
1067,9952.13
1071,693.66
1075,8598.1
1079,981.52
1083,6614.78
1087,1357.28
1091,2966.23
1095,5071.79
1099,6643.19
1103,6259.25
1107,9202.44
1111,5886.89
1115,2623.17
1119,7409.24
1123,2368.59
1127,174.19
1131,4978.59
1135,6430.2
1139,3308.68
1143,6828.71
1147,7249.68
1151,5245.54
1155,8257.1
1159,7550.34
1163,4913.93
1167,3971.2
1171,2550.4
1175,891.8
1179,6476.27
1183,8017.86
1187,4884.04
1191,2657.55
1195,9178.38
1199,7401.68
1203,4598.99
1207,3970.52
1211,949.46
1215,8001.29
1219,6589.34
1223,8140.31
1227,2741.13
1231,3368.22
1235,5049.02
1239,3922.87
1243,696.85
1247,8678.38
1251,7352.94
1255,8696.92
1259,7992.54
1263,5531.79
1267,9892.69
1271,6622.77
1275,1384.72
1279,3117.6
1283,9163.91
1287,8612.8
1291,8358.49
1295,6269.25
1299,1618.57
1303,6537.97
1307,9880.26
1311,4838.2
1315,3742.87
1319,1761.64
1323,4044.43
1327,4166.99
1331,4381.38
1335,9882.47
1339,6224.12
1343,7585.8
1347,2070.05
1351,2216.52
1355,7378.98
1359,9486.84
1363,2415.16
1367,6216.23
1371,8425.6
1375,3518.14
1379,8698.89
1383,1499.14
1387,7937.92
1391,421.12
1395,7928.39
1399,6425.38
1403,4981.34
1407,1129.95
1411,1195.21
1415,762.74
1419,2427.56
1423,8025.84
1427,1331.35
1431,8557.62
1435,4235.71
1439,1536.37
1443,3804.32
1447,9277.64
1451,9811.33
1455,1956.54
1459,9186.6
1463,8820.75
1467,6119.28
1471,2395.74
1475,8631.41
1479,2293.88
1483,639.65
1487,1214.94
1491,6525.14
1495,781.93
1499,921.14
1503,3132.85
1507,4806.47
1511,297.61
1515,994.8
1519,5649.71
1523,3993.3
1527,2781.27
1531,3448.83
1535,944.79
1539,3331.39
1543,5243.61
1547,8670.67
1551,2508.68
1555,7488.15
1559,6915.96
1563,2734.72
1567,9254.55
1571,5489.1
1575,2298.56
1579,5471.26
1583,3175.23
1587,5983.89
1591,8700.61
1595,2079.19
1599,4286.9
1603,9125.2
1607,5899.56
1611,8340.88
1615,7839.08
1619,9010.8
1623,355.66
1627,5526.9
1631,635.99
1635,7708.17
1639,5176.33
1643,9906.55
1647,5007.16
1651,4416.21
1655,4465.76
1659,4733.27
1663,7751.8
1667,2213.8
1671,7014.93
1675,1835.03
1679,2652.51
1683,948.32
1687,9168.4
1691,3464.74
1695,2436.43
1699,1482.29
1703,9520.17
1707,495.07
1711,4419.98
1715,7233.7
1719,5017.82
1723,5720.25
1727,3157.47
1731,9336.23
1735,2324.32
1739,1733.45
1743,9972.13
1747,2486.74
1751,7569.92
1755,8498.18
1759,3350.1
1763,5866.77
1767,9681.08
1771,5604.52
1775,7609.52
1779,567.09
1783,5398.49
1787,8650.9
1791,6135.64
1795,7442.45
1799,5322.48
1803,6338.97
1807,9405.06
1811,8345.93
1815,4366.02
1819,9028.45
1823,1534.87
1827,6541.56
1831,8872.88
1835,6536.15
1839,4932.0
1843,4524.46
1847,3399.0
1851,8097.33
1855,6251.62
1859,5619.55
1863,2248.61
1867,2188.58
1871,2916.5
1875,6396.89
1879,9366.3
1883,1733.59
1887,285.56
1891,4624.2
1895,193.58
1899,6389.62
1903,2945.33
1907,5457.99
1911,9951.24
1915,2267.65
1919,7537.66
1923,453.09
1927,8095.45
1931,1228.09
1935,5807.04
1939,362.0
1943,4361.82
1947,7481.58
1951,6116.4
1955,5690.25
1959,7158.53
1963,2146.33
1967,8482.13
1971,6097.41
1975,2547.52
1979,1252.03
1983,6626.24
1987,4404.8
1991,9134.57
1995,7908.29
1999,4105.02
2003,9174.33
2007,7994.4
2011,4594.36
2015,1739.69
2019,5197.3
2023,9139.86
2027,9942.32
2031,5870.46
2035,5064.8
2039,2622.9
2043,2412.44
2047,486.04
2051,9759.39
2055,1925.8
2059,5718.47
2063,2476.55
2067,8809.19
2071,6750.55
2075,1815.71
2079,5818.31
2083,5526.79
2087,2313.0
2091,2982.36
2095,3892.69
2099,3604.35
2103,5787.64
2107,4414.05
2111,8091.59
2115,699.61
2119,8590.42
2123,4919.97
2127,5659.27
2131,3026.51
2135,4207.14
2139,8842.12
2143,6774.46
2147,7753.45
2151,7976.5
2155,2260.12
2159,284.22
2163,4967.52
2167,9210.79
2171,8684.73
2175,2008.89
2179,6501.6
2183,5106.12
2187,2644.81
2191,2269.67
2195,7750.45
2199,7461.29
2203,2247.66
2207,6620.16
2211,9283.68
2215,1579.14
2219,5748.02
2223,7892.58
2227,3032.79
2231,5348.5
2235,8570.88
2239,817.68
2243,4434.04
2247,605.39
2251,4872.95
2255,2515.74
2259,9912.83
2263,7490.41
2267,1451.39
2271,9340.74
2275,6474.48
2279,8235.36
2283,7321.25
2287,4040.72
2291,6321.21
2295,3188.86
2299,1390.33
2303,985.47
2307,5033.08
2311,8647.64
2315,8540.39
2319,3790.28
2323,5013.73
2327,3576.47
2331,2648.85
2335,112.55
2339,3210.8
2343,8322.29
2347,3503.66
2351,3371.95
2355,8230.27
2359,9620.85
2363,625.12
2367,6519.52
2371,8062.14
2375,309.76
2379,8663.85
2383,502.79
2387,6513.41
2391,3216.67
2395,9057.49
2399,569.4
2403,556.03
2407,1752.32
2411,9305.64
2415,1162.4
2419,2084.07
2423,9467.9
2427,7296.55
2431,7956.9
2435,7405.31
2439,1974.44
2443,9602.7
2447,5673.54
2451,1121.74
2455,4314.38
2459,6801.37
2463,2931.85
2467,279.11
2471,7555.21
2475,9524.33
2479,3956.13
2483,8228.97
2487,6019.75
2491,1637.81
2495,2049.44
2499,3945.86
2503,9787.82
2507,1126.46
2511,4351.03
2515,7431.85
2519,3712.41
2523,2622.53
2527,5068.65
2531,1042.84
2535,1464.23
2539,8367.88
2543,5964.45
2547,4720.21
2551,4555.23
2555,9190.34
2559,7097.31
2563,6078.18
2567,5781.24
2571,5857.97
2575,1135.36
2579,3740.05
2583,3052.99
2587,3999.14
2591,700.84
2595,4972.02
2599,3217.18
2603,6744.62
2607,9694.02
2611,3927.43
2615,6093.89
2619,868.53
2623,162.85
2627,9536.64
2631,5655.1
2635,3981.19
2639,3140.98
2643,1111.62
2647,8333.85
2651,1218.49
2655,2572.96
2659,6337.03
2663,1401.26
2667,253.97
2671,3266.42
2675,7244.0
2679,4606.0
2683,1516.55
2687,415.73
2691,2084.36
2695,9749.09
2699,4406.17
2703,8524.63
2707,7293.66
2711,4551.33
2715,2177.91
2719,4022.62
2723,9909.63
2727,3357.5
2731,8999.3
2735,7737.88
2739,1997.81
2743,3759.34
2747,111.03
2751,2876.85
2755,5312.63
2759,9017.41
2763,5752.41
2767,1689.09
2771,8979.47
2775,3869.65
2779,4167.72
2783,1894.35
2787,825.1
2791,2527.82
2795,7186.96
2799,5433.69
2803,312.73
2807,7899.08
2811,783.79
2815,7810.48
2819,1034.27
2823,9240.38
2827,6615.19
2831,5548.12
2835,7669.22
2839,2875.33
2843,3241.46
2847,8505.36
2851,4746.74
2855,9448.21
2859,6328.82
2863,8250.78
2867,2858.39
2871,2665.26
2875,2831.46
2879,4379.89
2883,1277.46
2887,718.85
2891,1310.76
2895,6518.63
2899,3108.51
2903,5235.67
2907,4647.84
2911,5677.46
2915,3554.61
2919,2265.25
2923,1218.84
2927,6873.45
2931,8635.54
2935,9684.09
2939,3391.1
2943,5397.88
2947,3663.76
2951,1591.79
2955,179.2
2959,3655.72
2963,4440.71
2967,2271.99
2971,9640.72
2975,1808.69
2979,7264.18
2983,3717.65
2987,7628.83
2991,333.05
2995,1268.04
2999,1069.58
3003,7004.47
3007,5155.23
3011,6819.55
3015,6703.22
3019,4052.31
3023,6446.68
3027,4095.72
3031,2378.31
3035,6310.73
3039,1933.02
3043,5795.48
3047,8269.71
3051,3967.73
3055,7718.34
3059,7674.49
3063,508.41
3067,7638.66
3071,841.39
3075,1114.69
3079,163.88
3083,1943.92
3087,2113.34
3091,4569.93
3095,4590.1
3099,1287.64
3103,4287.84
3107,9265.07
3111,7450.2
3115,2415.75
3119,485.54
3123,6992.12
3127,6259.07
3131,9169.07
3135,1487.39
3139,8507.12
3143,224.77
3147,2277.34
3151,3937.62
3155,6736.96
3159,1309.99
3163,481.63
3167,9723.88
3171,1586.18
3175,1328.38
3179,7680.68
3183,7061.89
3187,4333.82
3191,190.51
3195,1941.6
3199,2560.27
3203,5554.55
3207,2156.1
3211,5876.64
3215,7606.17
3219,7210.3
3223,6795.93
3227,3847.52
3231,8643.55
3235,8397.81
3239,3061.74
3243,6328.02
3247,4692.73
3251,6070.46
3255,1077.32
3259,7616.11
3263,4586.35
3267,4134.66
3271,2721.35
3275,3254.6
3279,6795.78
3283,4493.28
3287,9757.4
3291,7170.39
3295,6161.4
3299,183.58
3303,6741.71
3307,9801.48
3311,8310.23
3315,9624.35
3319,6259.23
3323,2807.31
3327,6051.14
3331,5819.02
3335,4064.39
3339,8644.22
3343,5966.01
3347,1257.99
3351,4230.77
3355,7729.1
3359,5604.15
3363,248.33
3367,2332.99
3371,5789.04
3375,2825.27
3379,6666.01
3383,1955.26
3387,5633.4
3391,8040.96
3395,4637.88
3399,1516.3
3403,6864.17
3407,5978.3
3411,5099.07
3415,8777.77
3419,8346.98
3423,4839.28
3427,872.29
3431,2460.73
3435,7554.96
3439,3701.94
3443,6914.77
3447,4384.44
3451,9180.97
3455,5032.19
3459,7511.73
3463,9590.93
3467,6271.55
3471,8470.63
3475,4324.65
3479,8382.22
3483,3288.67
3487,9330.92
3491,4680.6
3495,2963.86
3499,8892.39
3503,8577.68
3507,1199.03
3511,5067.05
3515,9819.36
3519,1320.21
3523,4722.62
3527,4285.39
3531,6242.0
3535,9679.33
3539,5765.45
3543,3099.84
3547,5182.43
3551,1077.93
3555,1561.44
3559,3467.12
3563,3311.6
3567,679.43
3571,6582.14
3575,8037.55
3579,1818.59
3583,1387.84
3587,8346.04
3591,1526.33
3595,3661.73
3599,4129.1
3603,155.81
3607,2935.37
3611,2493.76
3615,1219.31
3619,6335.66
3623,4101.6
3627,6634.01
3631,9868.94
3635,1732.55
3639,7795.83
3643,3552.18
3647,9488.4
3651,7753.1
3655,9790.22
3659,9843.99
3663,3720.06
3667,3262.13
3671,9603.2
3675,4407.22
3679,3198.28
3683,5656.71
3687,3189.89
3691,7902.98
3695,3763.72
3699,6531.92
3703,7948.12
3707,6980.77
3711,5393.14
3715,4014.08
3719,3932.89
3723,1676.04
3727,1034.94
3731,2230.97
3735,7788.46
3739,4780.82
3743,1563.95
3747,6664.1
3751,1875.2
3755,8259.41
3759,2982.74
3763,9461.08
3767,2712.78
3771,2453.55
3775,5567.67
3779,216.38
3783,9239.1
3787,443.54
3791,743.65
3795,7422.6
3799,5096.67
3803,1278.99
3807,2738.67
3811,7062.16
3815,9045.91
3819,401.9
3823,6586.09
3827,8136.96
3831,4426.39
3835,722.66
3839,209.22
3843,6319.15
3847,6847.89
3851,9732.9
3855,8472.99
3859,4565.23
3863,7572.95
3867,6270.26
3871,990.25
3875,9915.71
3879,8337.95
3883,9677.92
3887,8959.18
3891,9517.99
3895,2396.49
3899,8664.65
3903,6043.78
3907,1314.11
3911,3526.81
3915,3700.4
3919,1244.3
3923,4489.97
3927,1221.11
3931,543.48
3935,7396.88
3939,8937.17
3943,7933.58
3947,7140.33
3951,8475.74
3955,9611.39
3959,7973.41
3963,436.0
3967,9294.72
3971,4447.9
3975,2383.9
3979,7960.39
3983,8031.68
3987,8655.11
3991,775.89
3995,4276.34
3999,8339.53
4003,8525.62
4007,9931.58
4011,8025.05
4015,5577.49
4019,5417.03
4023,8053.84
4027,7355.23
4031,7587.58
4035,4296.36
4039,2036.92
4043,9956.59
4047,8344.58
4051,9382.4
4055,3057.35
4059,5486.26
4063,7464.62
4067,5114.76
4071,4453.23
4075,9915.06
4079,7839.69
4083,1192.42
4087,3610.78
4091,4360.39
4095,430.25
4099,2062.26
4103,369.14
4107,4836.65
4111,5085.84
4115,3430.33
4119,7275.73
4123,5465.63
4127,9194.05
4131,1891.67
4135,9631.05
4139,8879.34
4143,7947.88
4147,3613.86
4151,7395.84
4155,5350.82
4159,9095.84
4163,6511.36
4167,3929.63
4171,5970.73
4175,7198.51
4179,1589.17
4183,6620.32
4187,8616.48
4191,2334.22
4195,705.71
4199,3083.12
4203,9677.61
4207,5852.7
4211,7924.85
4215,5575.13
4219,1921.61
4223,4672.45
4227,6203.25
4231,9967.76
4235,1635.82
4239,7295.05
4243,677.59
4247,2782.94
4251,4900.76
4255,8084.54
4259,2516.88
4263,3546.88
4267,2959.35
4271,1655.04
4275,3335.58
4279,5730.67
4283,5785.87
4287,7784.58
4291,8299.9
4295,1842.4
4299,3433.93
4303,835.54
4307,5789.93
4311,3855.82
4315,6987.29
4319,1740.35
4323,4360.46
4327,5589.46
4331,7942.07
4335,4549.19
4339,2051.14
4343,6941.85
4347,2659.23
4351,1042.82
4355,5765.03
4359,7980.8
4363,9594.04
4367,451.63
4371,5802.16
4375,4384.89
4379,9580.63
4383,5840.05
4387,4315.07
4391,6025.57
4395,9697.66
4399,9730.74
4403,7617.75
4407,1262.43
4411,1551.31
4415,2588.37
4419,402.24
4423,8969.26
4427,7710.66
4431,1293.98
4435,5990.5
4439,3937.78
4443,5724.67
4447,4193.87
4451,6916.73
4455,1108.42
4459,6153.49
4463,7867.46
4467,7282.63
4471,157.28
4475,4156.9
4479,144.58
4483,9307.84
4487,5097.7
4491,9088.37
4495,2947.17
4499,4828.98
4503,1014.73
4507,3033.62
4511,4346.59
4515,8372.1
4519,9361.6
4523,7005.24
4527,7270.01
4531,3355.66
4535,4774.73
4539,8531.98
4543,5230.93
4547,5943.8
4551,1187.81
4555,9767.29
4559,1100.78
4563,7184.03
4567,1991.92
4571,5500.36
4575,1146.5
4579,8113.13
4583,8753.55
4587,9768.99
4591,2173.66
4595,159.16
4599,8786.11
4603,4028.68
4607,3647.77
4611,5108.23
4615,1943.75
4619,1494.68
4623,9125.02
4627,7549.39
4631,1321.9
4635,8727.02
4639,687.55
4643,1125.6
4647,2051.44
4651,2493.03
4655,8550.48
4659,630.19
4663,5839.95
4667,4751.97
4671,5668.2
4675,6899.61
4679,9310.47
4683,7615.77
4687,1413.86
4691,2127.7
4695,2061.49
4699,3006.07
4703,1347.77
4707,6146.81
4711,6695.52
4715,1009.73
4719,3151.87
4723,6019.24
4727,5719.79
4731,2478.83
4735,8459.25
4739,6363.92
4743,7824.63
4747,7521.14
4751,4678.56
4755,8344.31
4759,9367.19
4763,8062.82
4767,2941.45
4771,8035.5
4775,1417.0
4779,1386.91
4783,1448.01
4787,8182.31
4791,9965.78
4795,2332.79
4799,428.0
4803,8413.99
4807,5673.49
4811,7624.21
4815,7236.2
4819,5089.99
4823,5747.53
4827,1097.22
4831,6827.66
4835,4790.91
4839,8384.01
4843,4071.25
4847,3703.16
4851,9268.43
4855,8957.76
4859,6269.9
4863,8046.18
4867,523.29
4871,4558.37
4875,6848.0
4879,8324.33
4883,2679.24
4887,591.1
4891,6113.87
4895,9917.07
4899,1429.06
4903,758.02
4907,7121.0
4911,6183.13
4915,834.38
4919,897.57
4923,2423.5
4927,3155.75
4931,1951.19
4935,8070.85
4939,893.93
4943,9117.03
4947,5068.58
4951,5921.14
4955,5125.83
4959,1413.52
4963,9825.07
4967,1114.87
4971,2149.53
4975,6072.62
4979,9904.97
4983,8218.22
4987,5594.47
4991,568.44
4995,5394.57
4999,7128.76
5003,6557.26
5007,6638.69
5011,1399.61
5015,4950.92
5019,4950.91
5023,3366.42
5027,6808.96
5031,9237.59
5035,5842.45
5039,3775.71
5043,8970.84
5047,4648.08
5051,1919.52
5055,7625.55
5059,1274.75
5063,753.91
5067,4666.98
5071,9425.14
5075,1898.49
5079,1824.04
5083,6794.65
5087,5272.83
5091,505.37
5095,6382.77
5099,1820.12
5103,1014.38
5107,9573.31
5111,8959.67
5115,8630.95
5119,3994.44
5123,9245.19
5127,3458.46
5131,163.77
5135,2490.43
5139,3489.17
5143,3558.32
5147,183.77
5151,4597.9
5155,6034.86
5159,847.06
5163,736.79
5167,6623.12
5171,2612.64
5175,4498.26
5179,5075.88
5183,1239.26
5187,8506.28
5191,9086.82
5195,7301.15
5199,5836.0
5203,2755.34
5207,5015.66
5211,9533.88
5215,4757.77
5219,2937.39
5223,6508.45
5227,2900.2
5231,9683.51
5235,9121.26
5239,7795.47
5243,2822.57
5247,366.89
5251,2947.28
5255,7137.78
5259,2271.44
5263,1338.71
5267,5592.13
5271,8426.36
5275,3051.82
5279,2368.7
5283,2801.85
5287,2773.63
5291,8828.85
5295,4151.45
5299,6571.98
5303,9165.63
5307,953.9
5311,4483.97
5315,7068.44
5319,477.01
5323,6390.95
5327,1683.56
5331,7965.66
5335,3051.49
5339,3986.25
5343,9155.26
5347,345.18
5351,5164.8
5355,3712.51
5359,848.73
5363,7085.05
5367,593.36
5371,7089.92
5375,9045.33
5379,7180.0
5383,9012.33
5387,7078.1
5391,5811.73
5395,400.63
5399,7522.89
5403,7550.78
5407,4983.96
5411,3412.99
5415,8115.75
5419,9552.61
5423,6165.21
5427,9426.83
5431,3504.69
5435,1027.29
5439,925.3
5443,9306.99
5447,4708.3
5451,7473.92
5455,9195.93
5459,5791.82
5463,7762.16
5467,9915.19
5471,4266.2
5475,6604.67
5479,9218.72
5483,8123.48
5487,7306.75
5491,9776.89
5495,9127.4
5499,7785.59
5503,6785.44
5507,7446.91
5511,9259.02
5515,8842.53
5519,7898.01
5523,5921.63
5527,5212.83
5531,3231.94
5535,9907.93
5539,9904.94
5543,2806.72
5547,6799.97
5551,5802.41
5555,897.54
5559,6489.18
5563,9648.92
5567,3675.29
5571,2225.03
5575,2609.27
5579,945.04
5583,6943.2
5587,6623.75
5591,593.97
5595,815.06
5599,8882.76
5603,1910.18
5607,3825.02
5611,6382.48
5615,4500.93
5619,2211.93
5623,1763.63
5627,3290.09
5631,7313.02
5635,3334.35
5639,2340.29
5643,8372.7
5647,3308.34
5651,4503.18
5655,8622.75
5659,8155.03
5663,5539.9
5667,2945.43
5671,9865.12
5675,5779.67
5679,5888.17
5683,5507.25
5687,3688.27
5691,489.07
5695,9548.94
5699,3167.71
5703,716.83
5707,6261.08
5711,2067.98
5715,1474.91
5719,4058.92
5723,9568.78
5727,1940.64
5731,502.06
5735,6327.78
5739,8515.18
5743,9893.89
5747,3513.76
5751,2814.37
5755,7164.11
5759,2810.09
5763,9860.04
5767,4731.72
5771,4262.9
5775,6761.07
5779,3410.92
5783,398.27
5787,7341.35
5791,411.83
5795,1413.98
5799,5194.23
5803,3056.1
5807,4847.41
5811,4550.54
5815,1819.36
5819,7164.08
5823,3631.0
5827,9808.48
5831,6095.56
5835,9727.89
5839,5664.16
5843,1319.56
5847,1166.06
5851,1509.71
5855,9819.44
5859,7969.99
5863,102.73
5867,7498.29
5871,2119.27
5875,9032.16
5879,1827.29
5883,2476.66
5887,9896.59
5891,3704.65
5895,4994.57
5899,2359.44
5903,4945.36
5907,2008.55
5911,7072.94
5915,4020.85
5919,8651.72
5923,301.77
5927,8952.03
5931,3569.8
5935,4018.17
5939,2861.45
5943,2126.96
5947,9949.88
5951,8467.83
5955,378.63
5959,3613.62
5963,4713.59
5967,6201.12
5971,974.46
5975,4790.04
5979,2781.55
5983,3902.47
5987,8895.52
5991,9981.33
5995,1034.21
5999,921.92
6003,4801.29
6007,5195.31
6011,688.89
6015,2917.59
6019,5080.34
6023,8739.83
6027,5600.89
6031,8047.48
6035,7361.26
6039,5383.21
6043,6694.33
6047,9358.54
6051,5781.09
6055,6748.2
6059,730.39
6063,9591.45
6067,8972.25
6071,222.08
6075,1069.07
6079,4411.84
6083,4160.9
6087,8665.73
6091,1695.53
6095,7300.33
6099,9025.45
6103,7336.15
6107,4747.91
6111,2183.47
6115,7568.32
6119,6589.11
6123,8088.59
6127,6437.01
6131,4412.08
6135,8108.69
6139,9779.75
6143,5860.17
6147,3902.85
6151,1678.66
6155,9141.59
6159,938.55
6163,4228.77
6167,6568.6
6171,8824.79
6175,197.37
6179,9398.26
6183,6275.21
6187,7802.85
6191,3218.73
6195,5424.31
6199,6905.76
6203,7084.13
6207,2212.27
6211,9199.28
6215,8286.7
6219,6470.47
6223,799.12
6227,1460.08
6231,8123.74
6235,3879.55
6239,9272.43
6243,596.66
6247,3490.68
6251,1776.25
6255,4066.37
6259,3186.06
6263,2120.0
6267,1045.81
6271,1139.44
6275,3974.82
6279,9999.12
6283,2433.86
6287,3579.81
6291,5280.72
6295,3601.66
6299,3264.62
6303,891.52
6307,4749.83
6311,6183.68
6315,369.71
6319,7298.34
6323,5295.94
6327,6654.46
6331,2632.62
6335,1006.14
6339,1273.25
6343,9347.48
6347,7399.05
6351,4494.93
6355,1157.97
6359,7698.56
6363,8257.72
6367,8093.05
6371,678.21
6375,830.07
6379,357.22
6383,4238.35
6387,2799.04
6391,3568.04
6395,9469.76
6399,7492.47
6403,7210.29
6407,4303.48
6411,8839.47
6415,339.0
6419,998.06
6423,6500.98
6427,182.6
6431,6526.55
6435,1878.76
6439,1150.56
6443,3431.43
6447,926.47
6451,6415.77
6455,7901.55
6459,9456.66
6463,4624.69
6467,4327.8
6471,6362.45
6475,1298.61
6479,5237.33
6483,6499.89
6487,3079.99
6491,5503.97
6495,6452.27
6499,4590.2
6503,688.26
6507,1087.99
6511,8455.72
6515,2498.47
6519,1270.29
6523,2740.06
6527,7221.3
6531,3729.94
6535,5417.43
6539,4252.02
6543,4496.1
6547,885.22
6551,948.19
6555,4932.09
6559,5443.01
6563,4693.75
6567,1728.9
6571,9240.19
6575,8214.2
6579,5980.77
6583,3528.96
6587,7158.28
6591,1571.92
6595,2243.21
6599,1733.91
6603,8132.04
6607,3769.02
6611,6299.93
6615,7455.23
6619,3756.62
6623,3662.78
6627,1112.46
6631,8743.39
6635,7837.22
6639,1176.75
6643,493.35
6647,6258.72
6651,4499.77
6655,8865.8
6659,7075.09
6663,7696.87
6667,3449.69
6671,5226.19
6675,1860.97
6679,2963.42
6683,9088.16
6687,7845.46
6691,4961.88
6695,4210.81
6699,741.42
6703,7639.2
6707,5039.37
6711,5611.44
6715,7354.7
6719,2355.27
6723,7800.56
6727,9965.23
6731,2246.95
6735,5391.25
6739,1128.17
6743,8790.97
6747,497.82
6751,2895.72
6755,4405.28
6759,8628.4
6763,8848.59
6767,2250.05
6771,3189.07
6775,4895.88
6779,5977.44
6783,5149.51
6787,185.82
6791,4736.05
6795,5691.82
6799,6560.74
6803,7226.44
6807,7485.57
6811,8965.51
6815,6950.17
6819,6353.49
6823,966.97
6827,1755.07
6831,9137.74
6835,8023.0
6839,617.07
6843,1710.21
6847,501.77
6851,4017.57
6855,9215.95
6859,2850.5
6863,2290.4
6867,5212.6
6871,8974.58
6875,5106.7
6879,8486.78
6883,7096.21
6887,8503.96
6891,1808.06
6895,8209.48
6899,3086.68
6903,5396.06
6907,4053.93
6911,9355.55
6915,4220.35
6919,7216.76
6923,2810.83
6927,5840.03
6931,9644.45
6935,3824.74
6939,6489.56
6943,8846.88
6947,628.3
6951,8409.31
6955,9347.66
6959,9569.26
6963,6542.78
6967,3094.79
6971,2777.32
6975,4076.69
6979,3747.65
6983,7924.83
6987,5371.39
6991,4818.13
6995,2298.56
6999,227.48
7003,201.6
7007,8212.44
7011,3852.57
7015,1720.38
7019,1825.53
7023,3267.98
7027,8829.5
7031,2374.79
7035,8866.19
7039,6516.97
7043,2805.88
7047,8804.91
7051,3039.14
7055,6969.41
7059,897.08
7063,9306.53
7067,2933.76
7071,6914.77
7075,7962.95
7079,9262.9
7083,1145.01
7087,6099.14
7091,1055.53
7095,6064.45
7099,2982.26
7103,8787.94
7107,6787.47
7111,9471.87
7115,6958.75
7119,6525.33
7123,3835.16
7127,9031.71
7131,7072.1
7135,8842.29
7139,4079.24
7143,6125.23
7147,3799.61
7151,6334.79
7155,5328.13
7159,3426.73
7163,8490.43
7167,1354.26
7171,674.49
7175,6651.56
7179,6361.77
7183,9677.58
7187,9230.36
7191,6086.27
7195,6993.11
7199,7040.87
7203,5516.5
7207,8727.71
7211,673.7
7215,6617.93
7219,2398.38
7223,5019.72
7227,2036.52
7231,9425.59
7235,7443.23
7239,8448.74
7243,3318.43
7247,1086.07
7251,2506.88
7255,559.52
7259,5904.85
7263,3614.01
7267,6646.16
7271,2567.21
7275,2522.75
7279,1438.48
7283,3402.34
7287,3453.38
7291,5580.59
7295,1117.87
7299,6206.36
7303,3591.42
7307,7695.24
7311,2478.87
7315,2682.78
7319,2530.5
7323,656.14
7327,8786.19
7331,844.48
7335,1992.5
7339,5537.13
7343,1608.98
7347,8603.84
7351,5480.42
7355,677.41
7359,7596.08
7363,768.51
7367,6170.27
7371,8185.32
7375,9191.67
7379,695.32
7383,5912.09
7387,2600.05
7391,2035.02
7395,2005.84
7399,3326.54
7403,9996.35
7407,4854.69
7411,3438.64
7415,5801.36
7419,7320.29
7423,7792.19
7427,7324.35
7431,5274.14
7435,9230.59
7439,2641.08
7443,2006.47
7447,128.89
7451,4351.81
7455,2236.51
7459,868.23
7463,5359.87
7467,2894.34
7471,6207.92
7475,7148.99
7479,574.4
7483,3907.7
7487,1520.15
7491,4221.4
7495,3000.78
7499,9915.16
7503,4962.91
7507,8898.52
7511,6548.11
7515,1103.42
7519,7546.64
7523,3715.05
7527,2186.36
7531,6093.41
7535,5999.88
7539,8936.89
7543,2745.17
7547,1897.6
7551,1494.78
7555,1831.54
7559,3840.2
7563,5820.28
7567,2569.42
7571,6705.66
7575,8677.33
7579,1762.01
7583,3380.21
7587,6337.06
7591,7369.37
7595,5853.0
7599,4136.76
7603,1345.59
7607,4236.19
7611,3730.2
7615,1380.43
7619,3307.22
7623,4315.69
7627,4679.47
7631,1263.57
7635,5858.12
7639,9599.05
7643,6180.98
7647,7372.84
7651,9731.54
7655,7287.93
7659,7636.93
7663,2549.69
7667,183.66
7671,3241.58
7675,7425.48
7679,737.2
7683,7594.8
7687,6446.92
7691,3813.91
7695,9436.8
7699,3795.58
7703,1569.56
7707,6951.26
7711,8616.07
7715,6633.22
7719,8011.85
7723,5998.82
7727,7945.85
7731,2955.37
7735,4895.98
7739,4676.72
7743,5375.32
7747,7523.49
7751,9100.81
7755,3652.38
7759,5023.27
7763,6709.29
7767,718.77
7771,8637.03
7775,1792.82
7779,2293.0
7783,6012.87
7787,4995.96
7791,469.05
7795,9321.27
7799,3188.45
7803,1241.69
7807,1859.69
7811,7416.68
7815,5503.48
7819,6712.41
7823,6474.72
7827,9556.23
7831,7862.91
7835,1508.24
7839,3439.95
7843,8926.05
7847,4300.83
7851,9578.77
7855,997.97
7859,159.32
7863,3713.54
7867,8890.98
7871,879.16
7875,5794.96
7879,6886.28
7883,1621.97
7887,224.59
7891,8344.09
7895,3399.15
7899,3148.6
7903,9451.7
7907,4656.7
7911,5369.86
7915,7831.73
7919,359.08
7923,4440.59
7927,1691.72
7931,4289.69
7935,6908.73
7939,333.58
7943,9545.93
7947,1650.44
7951,8831.09
7955,7938.49
7959,6829.11
7963,617.62
7967,8388.33
7971,8710.25
7975,7038.7
7979,8192.96
7983,3619.23
7987,3117.2
7991,7299.35
7995,8110.91
7999,155.44
8003,5839.51
8007,372.95
8011,1992.43
8015,8132.53
8019,5862.92
8023,2849.55
8027,8806.31
8031,1149.06
8035,4288.49
8039,9169.82
8043,9987.93
8047,8504.4
8051,9686.22
8055,7682.96
8059,8818.59
8063,5753.85
8067,6861.02
8071,9057.2
8075,3883.92
8079,221.95
8083,8326.99
8087,2422.19
8091,9610.2
8095,7493.02
8099,2821.52
8103,1540.66
8107,826.32
8111,7240.78
8115,7719.01
8119,6837.81
8123,6988.31
8127,5035.84
8131,7447.55
8135,188.48
8139,6730.84
8143,6100.84
8147,5747.38
8151,5011.45
8155,1682.92
8159,6278.54
8163,218.67
8167,3945.6
8171,7947.92
8175,7171.99
8179,716.97
8183,2194.1
8187,6907.24
8191,3092.51
8195,3575.58
8199,2787.21
8203,6179.09
8207,8540.86
8211,8837.24
8215,4293.04
8219,7431.41
8223,4190.65
8227,9264.3
8231,5946.63
8235,6709.34
8239,2493.27
8243,3331.91
8247,7465.28
8251,5280.25
8255,1306.42
8259,614.49
8263,904.49
8267,6818.41
8271,7454.27
8275,713.3
8279,8465.87
8283,1315.76
8287,5034.75
8291,5856.07
8295,4866.08
8299,1796.53
8303,7507.41
8307,1060.25
8311,5609.81
8315,3613.68
8319,434.68
8323,1951.11
8327,6718.81
8331,5271.8
8335,3895.87
8339,8538.56
8343,1858.94
8347,9707.81
8351,7953.62
8355,992.48
8359,9583.49
8363,6867.68
8367,9297.42
8371,7730.4
8375,4461.38
8379,1551.67
8383,307.28
8387,3390.75
8391,9349.51
8395,6958.51
8399,5170.4
8403,7689.54
8407,1449.44
8411,8058.52
8415,1404.32
8419,6858.91
8423,8686.74
8427,1039.19
8431,2450.46
8435,3460.8
8439,4126.6
8443,7605.87
8447,4138.9
8451,5213.31
8455,6456.2
8459,7768.64
8463,7449.73
8467,7828.66
8471,6053.07
8475,9013.43
8479,1459.5
8483,296.85
8487,4037.04
8491,3896.51
8495,8055.71
8499,2078.78
8503,9449.52
8507,4902.87
8511,7937.95
8515,9638.14
8519,2165.39
8523,5278.75
8527,9534.97
8531,9536.88
8535,1617.66
8539,444.54
8543,9535.88
8547,7265.89
8551,6020.09
8555,3783.42
8559,6106.99
8563,1118.2
8567,6397.41
8571,7346.97
8575,7919.71
8579,3110.46
8583,3145.53
8587,1655.51
8591,2638.33
8595,428.7
8599,2841.45
8603,8963.48
8607,9241.26
8611,8614.39
8615,1974.35
8619,8711.76
8623,6527.6
8627,6177.72
8631,6670.37
8635,4636.49
8639,9553.62
8643,6510.66
8647,749.62
8651,6208.34
8655,3793.27
8659,8733.21
8663,2012.43
8667,9794.43
8671,894.08
8675,6288.4
8679,3887.7
8683,2463.84
8687,2850.8
8691,1517.14
8695,6656.05
8699,4996.45
8703,4780.19
8707,841.85
8711,8800.66
8715,5651.55
8719,8526.54
8723,7518.78
8727,587.31
8731,3659.88
8735,8969.03
8739,9905.45
8743,7432.58
8747,1789.77
8751,8207.87
8755,135.22
8759,1714.17
8763,3065.52
8767,1531.19
8771,2378.3
8775,1995.6
8779,3023.98
8783,3190.52
8787,884.08
8791,5400.4
8795,7180.26
8799,5438.35
8803,6937.6
8807,403.68
8811,541.31
8815,8409.15
8819,2082.55
8823,7417.61
8827,2516.39
8831,243.47
8835,4161.4
8839,2479.69
8843,7877.49
8847,870.66
8851,1193.27
8855,8827.22
8859,3345.24
8863,6524.26
8867,2729.3
8871,8421.43
8875,4731.96
8879,782.03
8883,3706.02
8887,8000.98
8891,3839.0
8895,9853.79
8899,5061.06
8903,1292.45
8907,8276.32
8911,7669.83
8915,3059.44
8919,4344.53
8923,7688.37
8927,6389.41
8931,5903.71
8935,8623.41
8939,3843.62
8943,4619.49
8947,6952.72
8951,3815.51
8955,9797.12
8959,171.03
8963,6078.91
8967,3971.05
8971,6776.68
8975,8169.19
8979,4312.15
8983,9947.49
8987,9720.7
8991,5408.88
8995,4669.12
8999,8242.78
9003,1862.05
9007,787.95
9011,2528.63
9015,6522.43
9019,5644.37
9023,9698.68
9027,5045.15
9031,8532.56
9035,372.86
9039,2905.45
9043,7872.41
9047,9473.09
9051,7897.34
9055,5782.86
9059,6163.95
9063,4755.7
9067,8423.05
9071,1423.44
9075,7856.95
9079,4465.1
9083,6271.96
9087,1384.88
9091,4285.98
9095,7863.13
9099,3894.61
9103,9374.96
9107,9031.48
9111,6149.19
9115,3443.45
9119,6932.09
9123,9669.43
9127,9527.79
9131,6200.96
9135,7072.87
9139,1459.19
9143,8521.61
9147,5643.98
9151,8261.82
9155,2489.3
9159,8451.85
9163,5372.13
9167,6334.63
9171,7755.22
9175,3104.08
9179,7659.45
9183,6428.25
9187,9745.76
9191,6556.99
9195,7184.58
9199,3432.78
9203,359.02
9207,1240.64
9211,4126.19
9215,6324.14
9219,5138.75
9223,4696.59
9227,8987.79
9231,1901.56
9235,8436.17
9239,8720.58
9243,6761.45
9247,3310.08
9251,2425.58
9255,481.88
9259,7376.2
9263,5409.86
9267,1490.42
9271,2221.08
9275,1734.79
9279,6942.47
9283,9272.44
9287,9575.7
9291,6537.52
9295,4696.37
9299,4404.77
9303,4870.95
9307,6183.34
9311,2770.51
9315,4384.53
9319,7418.99
9323,4867.38
9327,3596.84
9331,3841.41
9335,1853.79
9339,8458.41
9343,244.21
9347,3900.6
9351,163.19
9355,508.65
9359,6508.8
9363,7532.83
9367,9302.68
9371,8130.96
9375,8020.92
9379,7545.64
9383,3558.21
9387,3969.81
9391,6700.27
9395,1869.49
9399,1818.39
9403,515.14
9407,5715.48
9411,2673.68
9415,5284.3
9419,3544.36
9423,1785.2
9427,2372.71
9431,3980.82
9435,8287.48
9439,3667.36
9443,1641.45
9447,2117.34
9451,2527.7
9455,9404.62
9459,3520.37
9463,164.79
9467,5643.47
9471,5993.06
9475,1729.31
9479,5965.85
9483,1630.71
9487,4338.2
9491,6348.48
9495,8185.82
9499,1392.98
9503,3235.64
9507,1623.54
9511,9779.11
9515,1593.79
9519,7853.11
9523,4116.44
9527,2431.71
9531,2959.67
9535,4134.28
9539,4625.34
9543,2721.94
9547,6913.91
9551,3405.85
9555,8586.6
9559,9725.39
9563,2656.59
9567,3036.34
9571,7346.08
9575,9545.45
9579,6649.71
9583,1855.53
9587,7667.13
9591,3107.94
9595,4528.84
9599,9811.11
9603,1901.32
9607,9322.67
9611,4581.35
9615,2587.04
9619,9635.62
9623,5985.65
9627,5546.35
9631,5853.62
9635,8302.55
9639,1930.2
9643,1089.95
9647,1847.33
9651,9884.84
9655,6227.42
9659,799.91
9663,4183.53
9667,6215.39
9671,6021.29
9675,3667.96
9679,6903.19
9683,7155.33
9687,2064.93
9691,5607.36
9695,5929.04
9699,9930.79
9703,1550.85
9707,340.12
9711,4974.0
9715,7027.08
9719,3651.02
9723,2254.61
9727,6441.47
9731,740.65
9735,4518.02
9739,8060.17
9743,8921.93
9747,183.54
9751,6322.36
9755,9744.47
9759,1368.33
9763,983.15
9767,1711.95
9771,2661.16
9775,8068.36
9779,733.19
9783,1799.11
9787,8108.93
9791,8123.15
9795,2232.86
9799,3512.89
9803,4422.17
9807,4118.79
9811,3569.4
9815,1201.93
9819,8679.13
9823,1753.66
9827,2984.92
9831,2058.5
9835,5421.1
9839,5674.7
9843,4929.96
9847,5142.38
9851,6873.59
9855,2413.87
9859,2537.63
9863,7392.27
9867,3601.58
9871,4174.18
9875,1722.4
9879,9695.38
9883,6187.52
9887,847.42
9891,5879.92
9895,1981.82
9899,4232.97
9903,5154.97
9907,3039.65
9911,5517.87
9915,6985.8
9919,9836.05
9923,117.43
9927,5544.6
9931,8771.78
9935,909.35
9939,1699.64
9943,135.32
9947,2777.25
9951,6200.54
9955,3812.11
9959,7602.38
9963,6497.8
9967,8219.91
9971,7106.97
9975,7011.02
9979,5220.67
9983,2449.98
9987,288.06
9991,4914.44
9995,8844.18
9999,8055.24
10003,316.65
10007,2548.17
10011,1508.24
10015,1303.76
10019,7935.34
10023,800.46
10027,5253.48
10031,9871.47
10035,533.63
10039,9883.75
10043,1104.17
10047,3298.78
10051,2482.5
10055,2793.88
10059,530.61
10063,2640.33
10067,8906.97
10071,1176.41
10075,4927.69
10079,9968.84
10083,8454.8
10087,2347.93
10091,5643.13
10095,8912.73
10099,6172.56
10103,1675.84
10107,2383.63
10111,9345.93
10115,3003.28
10119,5017.02
10123,884.87
10127,1594.09
10131,5828.27
10135,4875.75
10139,3458.44
10143,6554.5
10147,2294.62
10151,1086.67
10155,8586.36
10159,3783.0
10163,6625.62
10167,3344.7
10171,8644.9
10175,7455.7
10179,7674.79
10183,7860.88
10187,3541.11
10191,4409.67
10195,9178.39
10199,1369.02
10203,676.55
10207,7978.43
10211,310.13
10215,2139.38
10219,7619.37
10223,1260.14
10227,8018.74
10231,2753.03
10235,8886.2
10239,2073.08
10243,9785.8
10247,1019.31
10251,1574.82
10255,2602.6
10259,888.29
10263,1537.85
10267,2660.56
10271,4261.76
10275,289.26
10279,3586.39
10283,489.5
10287,1638.9
10291,7694.0
10295,3871.62
10299,9706.73
10303,5760.18
10307,918.37
10311,6822.55
10315,9688.48
10319,2859.22
10323,5694.01
10327,661.18
10331,5211.96
10335,4265.22
10339,302.81
10343,4193.89
10347,1463.84
10351,6254.6
10355,1287.88
10359,6257.29
10363,2923.01
10367,1584.57
10371,800.64
10375,2347.98
10379,2528.12
10383,9729.48
10387,8947.84
10391,9384.92
10395,6853.33
10399,4105.99
10403,5108.29
10407,5416.94
10411,197.1
10415,9826.77
10419,3381.12
10423,8586.23
10427,7501.65
10431,8756.07
10435,8325.96
10439,1756.59
10443,9832.29
10447,4930.35
10451,8447.85
10455,6044.87
10459,1469.53
10463,6133.9
10467,7427.11
10471,705.68
10475,978.49
10479,2815.87
10483,8100.9
10487,9674.17
10491,3995.44
10495,9146.61
10499,1388.37
10503,1639.53
10507,4873.35
10511,1277.34
10515,8277.24
10519,8568.8
10523,3101.02
10527,9462.65
10531,3389.58
10535,4303.05
10539,6964.97
10543,5433.93
10547,8176.91
10551,7514.18
10555,423.19
10559,739.73
10563,8289.03
10567,6501.26
10571,556.02
10575,1603.29
10579,8164.11
10583,5538.03
10587,8396.97
10591,1330.01
10595,7948.04
10599,2729.57
10603,3008.42
10607,6661.76
10611,9569.56
10615,1713.05
10619,562.19
10623,5896.79
10627,4306.93
10631,9363.83
10635,4720.71
10639,4819.18
10643,7769.95
10647,9134.65
10651,9023.41
10655,7019.52
10659,9168.94
10663,8444.77
10667,2528.67
10671,6311.62
10675,896.75
10679,2183.58
10683,4716.4
10687,5331.02
10691,3087.73
10695,4943.16
10699,781.86
10703,2923.28
10707,427.0
10711,1673.47
10715,5561.83
10719,6838.61
10723,8511.19
10727,3974.34
10731,4694.22
10735,6553.5
10739,136.88
10743,1182.63
10747,915.6
10751,7934.67
10755,6162.09
10759,7908.13
10763,9703.81
10767,9649.14
10771,3134.67
10775,8130.93
10779,203.52
10783,8684.74
10787,6344.44
10791,1627.17
10795,134.58
10799,4830.8
10803,8667.33
10807,4423.1
10811,6689.57
10815,5157.98
10819,5484.42
10823,1679.95
10827,4455.74
10831,2319.45
10835,7954.33
10839,9836.87
10843,9943.26
10847,1865.48
10851,6783.52
10855,6553.06
10859,2960.84
10863,153.36
10867,751.74
10871,2694.92
10875,7784.09
10879,3617.1
10883,9808.75
10887,3854.36
10891,5028.08
10895,5479.96
10899,618.02
10903,8212.21
10907,1775.29
10911,2705.09
10915,8409.89
10919,7081.52
10923,5613.38
10927,5586.16
10931,5138.62
10935,4025.95
10939,1824.61
10943,966.45
10947,6207.93
10951,4763.16
10955,7762.1
10959,3547.04
10963,8993.77
10967,1424.61
10971,7528.87
10975,4981.04
10979,8781.63
10983,2593.37
10987,1825.33
10991,1292.73
10995,3634.93
10999,1694.57
