8193,2579.48
8195,9507.84
8197,7143.56
8199,9906.95
8201,9015.63
8203,2342.99
8205,6952.40
8207,1724.28
8209,8937.62
8211,2688.18
8213,657.96
8215,6873.84
8217,4759.27
8219,2401.18
8221,6123.04
8223,8987.22
8225,9341.77
8227,8730.89
8229,6615.86
8231,9602.33
8233,5564.36
8235,3752.89
8237,7926.27
8239,248.45
8241,9086.06
8243,850.53
8245,7236.56
8247,4448.46
8249,2344.84
8251,1867.20
8253,7442.05
8255,1199.91
8257,8784.80
8259,8607.78
8261,7088.99
8263,8898.33
8265,9173.46
8267,5928.54
8269,8331.57
8271,2048.85
8273,9033.84
8275,3805.71
8277,5602.69
8279,741.92
8281,5998.63
8283,7818.31
8285,4418.13
8287,6500.64
8289,8531.19
8291,5353.48
8293,2630.09
8295,733.01
8297,9665.27
8299,9383.47
8301,772.60
8303,1076.13
8305,3207.75
8307,2188.63
8309,5695.03
8311,6455.90
8313,6361.40
8315,3576.70
8317,5795.18
8319,5784.60
8321,5537.70
8323,5175.21
8325,9898.17
8327,749.13
8329,3900.91
8331,4181.32
8333,4323.92
8335,1161.43
8337,6654.94
8339,8141.01
8341,4896.00
8343,2407.34
8345,7815.88
8347,9103.75
8349,7779.16
8351,6365.86
8353,7726.18
8355,2783.05
8357,1020.44
8359,6625.69
8361,887.45
8363,9596.94
8365,7062.46
8367,5531.96
8369,2274.47
8371,1003.72
8373,5105.35
8375,8633.64
8377,2437.05
8379,4964.64
8381,756.56
8383,2911.51
8385,3810.46
8387,3761.62
8389,5402.32
8391,6714.79
8393,1281.47
8395,9001.92
8397,6495.39
8399,7127.34
8401,6716.68
8403,4101.37
8405,7438.40
8407,3117.74
8409,5713.05
8411,3849.83
8413,5251.13
8415,4997.19
8417,1490.58
8419,7955.98
8421,9824.81
8423,4968.97
8425,4982.92
8427,5402.73
8429,9928.39
8431,4680.89
8433,8854.94
8435,8292.74
8437,8951.38
8439,8969.34
8441,9448.01
8443,7563.42
8445,4526.90
8447,2921.02
8449,3623.62
8451,3966.52
8453,6051.78
8455,7600.76
8457,6629.27
8459,2889.25
8461,1299.79
8463,2359.85
8465,9639.35
8467,9702.30
8469,4941.50
8471,8869.28
8473,5229.62
8475,1526.49
8477,1952.44
8479,574.93
8481,5984.71
8483,6019.20
8485,2333.78
8487,5844.69
8489,6094.30
8491,2751.26
8493,4740.82
8495,3067.33
8497,4151.12
8499,2036.82
8501,6301.52
8503,439.23
8505,6652.32
8507,6164.69
8509,8957.55
8511,2374.68
8513,6700.89
8515,2952.94
8517,9711.46
8519,1052.50
8521,4202.08
8523,6692.65
8525,5453.15
8527,9320.40
8529,4505.23
8531,3808.67
8533,8133.11
8535,4319.47
8537,6345.77
8539,1073.86
8541,9548.48
8543,1154.38
8545,3327.31
8547,514.01
8549,6429.31
8551,6830.97
8553,1655.29
8555,907.81
8557,594.54
8559,2187.02
8561,5335.52
8563,9485.99
8565,1250.32
8567,6860.22
8569,4113.44
8571,5440.76
8573,284.97
8575,5250.77
8577,8167.05
8579,9034.79
8581,245.52
8583,4728.78
8585,7031.36
8587,1885.08
8589,5805.40
8591,6285.97
8593,4451.19
8595,6450.23
8597,725.67
8599,6857.03
8601,314.73
8603,1601.68
8605,2926.88
8607,9110.53
8609,4605.55
8611,3984.65
8613,6574.29
8615,5736.85
8617,9741.52
8619,7966.91
8621,9667.30
8623,2894.61
8625,2489.42
8627,4797.71
8629,1240.57
8631,3797.34
8633,8729.82
8635,5220.65
8637,6797.64
8639,9714.05
8641,3193.87
8643,8837.16
8645,4759.52
8647,520.07
8649,9831.04
8651,1009.73
8653,4663.02
8655,9219.77
8657,9789.57
8659,7267.34
8661,9674.88
8663,8826.05
8665,4271.05
8667,7607.31
8669,4030.71
8671,3105.95
8673,8320.54
8675,7481.37
8677,747.84
8679,6614.62
8681,3155.34
8683,2032.64
8685,586.92
8687,3573.72
8689,7435.99
8691,9835.85
8693,5354.93
8695,9221.09
8697,3229.04
8699,8260.30
8701,7042.22
8703,1453.71
8705,8782.76
8707,2197.74
8709,9563.99
8711,5790.08
8713,6084.99
8715,3448.09
8717,1780.02
8719,3559.23
8721,9589.24
8723,9729.91
8725,4437.79
8727,2235.99
8729,6067.58
8731,9555.73
8733,4834.93
8735,6560.51
8737,8412.63
8739,2686.88
8741,6132.82
8743,1527.46
8745,8870.86
8747,1919.09
8749,2232.19
8751,6486.80
8753,7155.47
8755,8504.49
8757,9265.02
8759,9984.12
8761,3281.88
8763,2523.04
8765,9424.17
8767,1008.07
8769,9052.32
8771,9328.47
8773,8664.70
8775,5172.17
8777,139.65
8779,1323.85
8781,8036.90
8783,2102.99
8785,2874.56
8787,1698.28
8789,1113.40
8791,6934.38
8793,5250.19
8795,9238.59
8797,1406.19
8799,931.93
8801,1710.99
8803,1333.25
8805,6722.02
8807,2421.18
8809,3906.20
8811,3320.95
8813,3179.49
8815,1328.54
8817,4171.64
8819,5085.98
8821,9985.34
8823,5977.61
8825,4115.89
8827,2714.56
8829,5189.16
8831,6537.85
8833,5731.15
8835,6530.71
8837,9737.46
8839,586.77
8841,7843.68
8843,1163.56
8845,706.37
8847,9218.43
8849,8627.21
8851,9252.35
8853,576.58
8855,7925.32
8857,5645.16
8859,8019.12
8861,7168.16
8863,4055.93
8865,2639.82
8867,3865.87
8869,8271.74
8871,2855.13
8873,8459.88
8875,8667.81
8877,8414.04
8879,5099.85
8881,3985.33
8883,9896.32
8885,317.42
8887,8213.84
8889,5308.35
8891,153.70
8893,3560.44
8895,3500.38
8897,8119.82
8899,3945.90
8901,5773.96
8903,6159.98
8905,5191.76
8907,8676.61
8909,5723.97
8911,2761.80
8913,3418.19
8915,832.46
8917,2712.60
8919,9156.57
8921,3000.86
8923,7725.03
8925,6105.69
8927,7177.96
8929,6157.24
8931,5822.23
8933,3713.91
8935,1681.91
8937,5773.53
8939,5269.37
8941,9156.74
8943,4808.80
8945,6815.58
8947,1195.01
8949,158.38
8951,2997.02
8953,4225.48
8955,9727.76
8957,7122.08
8959,3206.30
8961,9164.19
8963,5283.87
8965,7258.91
8967,2964.69
8969,3416.12
8971,6632.65
8973,3183.19
8975,4424.45
8977,9547.66
8979,8225.08
8981,6640.81
8983,5084.69
8985,1640.65
8987,449.37
8989,4356.15
8991,4508.43
8993,1977.29
8995,6893.63
8997,3574.88
8999,6521.62
9001,4899.31
9003,7215.54
9005,4252.33
9007,1537.39
9009,9139.89
9011,858.48
9013,714.58
9015,2668.30
9017,9583.19
9019,2759.40
9021,6296.61
9023,7891.10
9025,1759.72
9027,2884.50
9029,9520.22
9031,2785.21
9033,5503.07
9035,6135.69
9037,1719.56
9039,3447.18
9041,5059.89
9043,3279.77
9045,7852.79
9047,3886.88
9049,4613.63
9051,8056.08
9053,2475.20
9055,6633.26
9057,6800.81
9059,3833.32
9061,2388.53
9063,3598.15
9065,9396.39
9067,8356.30
9069,6497.09
9071,5532.91
9073,5254.74
9075,2036.11
9077,125.65
9079,5454.79
9081,1124.26
9083,311.79
9085,4155.72
9087,4493.95
9089,9963.18
9091,2398.83
9093,9243.09
9095,1747.17
9097,4116.81
9099,7514.32
9101,3744.85
9103,9212.12
9105,5386.11
9107,251.06
9109,9240.80
9111,2223.26
9113,6167.74
9115,7997.56
9117,9266.82
9119,7438.22
9121,1394.29
9123,6609.72
9125,5211.05
9127,487.59
9129,1769.56
9131,866.47
9133,1748.28
9135,8911.02
9137,5423.66
9139,6768.80
9141,1171.72
9143,1339.10
9145,9465.63
9147,1207.89
9149,2113.09
9151,2452.20
9153,3708.39
9155,7367.35
9157,2191.19
9159,1382.13
9161,324.15
9163,5616.17
9165,5151.20
9167,6176.35
9169,8029.66
9171,3264.42
9173,7905.32
9175,2909.57
9177,3003.09
9179,5982.36
9181,4729.84
9183,4726.09
9185,3977.23
9187,6346.15
9189,6901.20
9191,7879.52
9193,9894.77
1003,7672.64
9195,9720.10
1005,9341.55
9197,6856.50
1007,8257.97
9199,277.71
1009,5299.86
9201,8091.01
1011,2907.35
9203,5730.73
1013,3772.26
9205,8131.39
1015,8513.32
9207,2931.44
1017,6223.07
9209,9266.86
1019,5066.68
9211,5785.23
1021,6987.36
9213,5162.80
1023,278.84
9215,582.78
1025,7023.55
9217,4001.63
1027,1147.42
9219,7095.41
1029,8753.42
9221,8545.58
1031,1719.36
9223,5809.22
1033,626.49
9225,9199.99
1035,5365.60
9227,4508.62
1037,8012.71
9229,1590.46
1039,4484.00
9231,9941.86
1041,3374.56
9233,9049.37
1043,6367.62
9235,7961.65
1045,1912.86
9237,3147.18
1047,8255.65
9239,5595.31
1049,242.21
9241,9195.49
1051,1595.87
9243,8983.11
1053,6735.68
9245,6877.67
1055,8078.14
9247,835.46
1057,5510.46
9249,2369.35
1059,6662.52
9251,370.91
1061,6321.82
9253,6862.12
1063,6454.62
9255,9394.50
1065,830.46
9257,5641.49
1067,2981.00
9259,8145.78
1069,6416.50
9261,8228.67
1071,7968.63
9263,3036.29
1073,281.55
9265,7161.49
1075,5044.94
9267,6035.85
1077,5221.30
9269,5255.60
1079,1670.76
9271,3059.88
1081,1772.70
9273,193.48
1083,6871.59
9275,602.57
1085,438.40
9277,5295.52
1087,4395.30
9279,4556.68
1089,2639.96
9281,1591.82
1091,4807.01
9283,3905.72
1093,5511.07
9285,1380.10
1095,8902.62
9287,8330.86
1097,6288.19
9289,208.34
1099,6249.76
9291,7181.93
1101,3645.57
9293,1031.91
1103,1944.59
9295,2921.30
1105,3397.40
9297,777.27
1107,4615.72
9299,6272.53
1109,9417.02
9301,793.80
1111,8043.61
9303,555.75
1113,3805.04
9305,1711.37
1115,6603.11
9307,9002.39
1117,5726.15
9309,7747.09
1119,9379.15
9311,1776.87
1121,7890.15
9313,7943.11
1123,9901.12
9315,6415.36
1125,4257.37
9317,6154.13
1127,9881.31
9319,1386.42
1129,5653.00
9321,3372.17
1131,2738.60
9323,1763.85
1133,1114.36
9325,1286.27
1135,8206.65
9327,3578.98
1137,7815.73
9329,6627.61
1139,9987.66
9331,8388.02
1141,6799.04
9333,1762.78
1143,3836.72
9335,8905.62
1145,3414.50
9337,1235.24
1147,2569.98
9339,2045.57
1149,5926.64
9341,3752.76
1151,2391.40
9343,1108.30
1153,641.82
9345,1078.81
1155,1471.68
9347,8966.40
1157,2523.19
9349,5805.71
1159,3050.99
9351,8680.85
1161,2823.55
9353,1204.29
1163,4412.45
9355,6386.94
1165,2912.55
9357,6726.23
1167,2622.06
9359,498.08
1169,4869.64
9361,664.68
1171,7940.03
9363,6139.47
1173,3785.64
9365,836.08
1175,8166.81
9367,7611.65
1177,2939.77
9369,6337.73
1179,3393.95
9371,8470.78
1181,9316.32
9373,5996.68
1183,2422.45
9375,599.93
1185,1032.02
9377,5405.69
1187,7251.74
9379,8743.64
1189,6429.88
9381,5988.58
1191,5036.03
9383,8777.84
1193,1085.45
9385,7600.83
1195,537.30
9387,3730.10
1197,1798.70
9389,2999.02
1199,2416.67
9391,8235.98
1201,5834.97
9393,3965.38
1203,3604.87
9395,7774.57
1205,5007.79
9397,3130.51
1207,4779.23
9399,9564.47
1209,9661.23
9401,2695.74
1211,1443.64
9403,2231.72
1213,9644.69
9405,9979.88
1215,1611.23
9407,6858.43
1217,447.25
9409,9911.97
1219,9403.54
9411,8878.35
1221,3229.07
9413,4364.03
1223,9067.61
9415,1824.33
1225,5919.20
9417,6647.70
1227,7992.64
9419,838.29
1229,4511.15
9421,8332.65
1231,9480.46
9423,6129.30
1233,5138.22
9425,5011.14
1235,8995.64
9427,4738.79
1237,443.08
9429,4469.24
1239,9438.63
9431,8197.67
1241,2440.89
9433,7398.38
1243,4215.18
9435,9297.23
1245,2000.27
9437,6679.57
1247,5357.66
9439,1604.56
1249,9322.57
9441,7834.21
1251,9649.81
9443,3383.66
1253,9316.22
9445,1884.23
1255,6550.04
9447,4820.51
1257,3878.33
9449,3648.92
1259,8033.04
9451,5698.39
1261,7177.28
9453,9509.72
1263,9525.09
9455,4175.69
1265,5244.88
9457,2819.42
1267,2506.95
9459,5223.41
1269,4753.51
9461,6733.55
1271,7630.69
9463,292.98
1273,562.45
9465,1419.33
1275,2966.69
9467,8640.22
1277,5793.57
9469,4693.53
1279,2601.90
9471,1477.63
1281,4493.45
9473,3984.66
1283,3637.86
9475,5609.90
1285,1649.94
9477,3536.87
1287,1221.65
9479,609.82
1289,8454.85
9481,2212.28
1291,3189.29
9483,5314.45
1293,9763.53
9485,528.05
1295,3444.34
9487,3243.12
1297,9401.59
9489,3832.74
1299,4110.81
9491,8430.95
1301,5466.49
9493,441.93
1303,6602.75
9495,5479.85
1305,7206.43
9497,4943.05
1307,1558.81
9499,4461.11
1309,5829.58
9501,1997.22
1311,258.18
9503,8311.36
1313,9228.46
9505,7133.31
1315,3026.77
9507,9048.96
1317,8068.39
9509,5501.67
1319,7204.52
9511,7874.62
1321,8473.61
9513,6237.03
1323,4712.97
9515,8521.26
1325,6931.81
9517,2249.25
1327,9767.06
9519,1270.51
1329,8398.84
9521,368.50
1331,6465.50
9523,5407.97
1333,9269.40
9525,7830.04
1335,602.24
9527,8639.72
1337,4153.81
9529,7957.76
1339,1738.70
9531,5484.38
1341,7902.73
9533,4161.75
1343,5346.24
9535,6371.24
1345,9785.62
9537,2037.69
1347,3616.24
9539,6900.79
1349,5222.99
9541,4294.65
1351,395.12
9543,7871.53
1353,7697.57
9545,7176.66
1355,7342.18
9547,2314.15
1357,2129.96
9549,7490.74
1359,8885.24
9551,9755.71
1361,3271.80
9553,7989.98
1363,9969.66
9555,6025.17
1365,6539.99
9557,6548.91
1367,7896.53
9559,2102.16
1369,5538.09
9561,4442.14
1371,2999.43
9563,6005.73
1373,966.89
9565,8344.63
1375,8507.30
9567,1365.19
1377,4888.11
9569,8936.34
1379,6807.89
9571,6656.04
1381,7170.30
9573,5797.44
1383,6261.37
9575,2123.10
1385,4020.80
9577,8152.97
1387,592.43
9579,825.87
1389,6170.38
9581,6268.76
1391,6414.07
9583,8174.20
1393,7637.12
9585,7783.85
1395,4858.64
9587,5468.34
1397,432.25
9589,6049.86
1399,9374.21
9591,6626.64
1401,9452.03
9593,4781.40
1403,580.62
9595,8225.57
1405,3232.95
9597,9167.31
1407,5909.73
9599,3356.17
1409,8692.64
9601,4458.86
1411,1570.45
9603,2367.72
1413,3891.00
9605,1739.15
1415,5004.51
9607,5121.63
1417,3814.07
9609,7547.28
1419,968.31
9611,9239.70
1421,1231.80
9613,9888.94
1423,4534.97
9615,7332.55
1425,5204.20
9617,4213.29
1427,237.30
9619,6174.13
1429,1114.37
9621,6711.54
1431,3160.41
9623,4792.25
1433,6142.55
9625,9816.32
1435,9098.36
9627,1779.42
1437,7522.82
9629,8829.08
1439,1079.09
9631,6951.60
1441,8129.78
9633,5139.15
1443,2909.12
9635,5645.88
1445,9840.83
9637,5332.13
1447,1299.29
9639,764.78
1449,146.90
9641,8030.01
1451,4031.25
9643,1855.77
1453,969.25
9645,6703.27
1455,2842.23
9647,2703.06
1457,1760.95
9649,8187.21
1459,4513.05
9651,2971.23
1461,9960.69
9653,1992.27
1463,6339.20
9655,7784.13
1465,5198.67
9657,4374.59
1467,6416.14
9659,8208.09
1469,6986.75
9661,8506.70
1471,2130.88
9663,7937.95
1473,5238.96
9665,3506.68
1475,7211.61
9667,137.60
1477,5912.82
9669,360.01
1479,1208.45
9671,2263.67
1481,4454.17
9673,1501.85
1483,2611.17
9675,9472.87
1485,6855.91
9677,1257.26
1487,9332.63
9679,5908.15
1489,9533.25
9681,1043.87
1491,6968.65
9683,9174.66
1493,1263.25
9685,4677.81
1495,2165.81
9687,7129.32
1497,3637.16
9689,1873.94
1499,537.99
9691,3119.73
1501,8707.61
9693,9957.08
1503,4225.10
9695,6621.95
1505,5271.56
9697,4496.89
1507,6339.72
9699,963.96
1509,3429.28
9701,2295.64
1511,3300.81
9703,9111.25
1513,1420.38
9705,6118.12
1515,4009.62
9707,7780.69
1517,5720.37
9709,7581.52
1519,6753.47
9711,2756.99
1521,8657.35
9713,6909.76
1523,1008.26
9715,4758.98
1525,3934.46
9717,9734.46
1527,3212.63
9719,5810.15
1529,5627.25
9721,6394.91
1531,9687.82
9723,1200.73
1533,5950.34
9725,9180.97
1535,3093.45
9727,5079.38
1537,2436.30
9729,2629.87
1539,7239.89
9731,6033.50
1541,4692.34
9733,3165.36
1543,9059.01
9735,3539.23
1545,7868.02
9737,7110.86
1547,8609.93
9739,1379.48
1549,2438.27
9741,9637.81
1551,1931.18
9743,1558.93
1553,9727.94
9745,8642.55
1555,4442.86
9747,9493.86
1557,1245.80
9749,799.12
1559,1461.78
9751,9273.44
1561,7870.49
9753,4913.13
1563,2676.94
9755,6657.81
1565,3110.10
9757,1480.38
1567,4256.90
9759,4326.72
1569,6743.67
9761,539.41
1571,667.84
9763,2425.46
1573,557.69
9765,2670.65
1575,9664.29
9767,270.59
1577,2176.20
9769,8715.32
1579,1918.72
9771,5796.88
1581,1273.76
9773,8068.71
1583,910.64
9775,3626.98
1585,8673.38
9777,4067.60
1587,1901.54
9779,8057.89
1589,4977.04
9781,1682.17
1591,3848.64
9783,1384.43
1593,8836.78
9785,8604.88
1595,8029.20
9787,7884.54
1597,6076.03
9789,2561.89
1599,5630.41
9791,5770.39
1601,3075.44
9793,3707.57
1603,6762.19
9795,7839.57
1605,8622.23
9797,5850.88
1607,9327.25
9799,6793.57
1609,4164.15
9801,6532.66
1611,3733.73
9803,5636.43
1613,6048.47
9805,3813.55
1615,3502.66
9807,936.97
1617,4438.99
9809,8793.59
1619,3213.06
9811,3044.38
1621,3274.79
9813,6815.01
1623,7684.05
9815,2693.62
1625,2132.77
9817,4082.98
1627,2534.94
9819,2918.55
1629,2658.62
9821,5802.47
1631,2422.21
9823,5138.84
1633,3490.80
9825,9574.82
1635,1143.52
9827,456.46
1637,4500.51
9829,4430.73
1639,1180.94
9831,946.45
1641,573.32
9833,8960.72
1643,5764.92
9835,9294.93
1645,2021.72
9837,9505.19
1647,7198.16
9839,6253.19
1649,7460.88
9841,8783.03
1651,9315.35
9843,1274.82
1653,1135.65
9845,7076.49
1655,3026.87
9847,9877.48
1657,3160.79
9849,5780.21
1659,5830.09
9851,814.59
1661,4014.87
9853,2353.92
1663,3583.28
9855,6969.72
1665,7430.22
9857,3164.86
1667,8078.37
9859,1038.41
1669,3526.22
9861,5706.28
1671,6458.65
9863,6165.45
1673,3449.03
9865,3878.59
1675,1978.94
9867,5112.75
1677,8776.44
9869,4619.80
1679,2526.07
9871,4200.40
1681,4844.81
9873,4892.87
1683,4959.27
9875,4443.08
1685,5836.14
9877,379.53
1687,1002.33
9879,9372.34
1689,8946.48
9881,4807.26
1691,3621.90
9883,9348.63
1693,8047.55
9885,9122.10
1695,2919.12
9887,8758.65
1697,9810.87
9889,9790.70
1699,981.77
9891,8323.28
1701,1302.68
9893,7315.25
1703,6113.33
9895,8066.82
1705,9028.88
9897,1605.56
1707,2432.78
9899,1887.68
1709,4174.37
9901,3877.07
1711,3768.39
9903,1142.50
1713,9368.45
9905,9585.25
1715,105.07
9907,8620.78
1717,2504.33
9909,6296.89
1719,4114.98
9911,3086.45
1721,314.78
9913,9072.00
1723,9945.27
9915,7533.57
1725,1520.44
9917,4490.24
1727,1461.76
9919,3515.19
1729,7785.54
9921,6325.41
1731,3351.76
9923,5473.47
1733,8921.22
9925,2104.76
1735,8497.48
9927,8211.58
1737,2937.86
9929,7285.47
1739,8310.70
9931,8549.05
1741,1590.13
9933,9389.03
1743,4739.88
9935,5066.14
1745,6518.66
9937,8032.16
1747,4096.27
9939,5536.63
1749,1003.69
9941,9306.36
1751,2166.94
9943,2177.26
1753,1812.51
9945,295.86
1755,6343.52
9947,4307.53
1757,5846.19
9949,549.01
1759,8467.81
9951,6889.81
1761,8500.17
9953,158.41
1763,795.83
9955,1609.73
1765,2213.40
9957,1040.37
1767,1474.45
9959,7795.09
1769,7475.16
9961,4937.55
1771,6615.04
9963,229.94
1773,2251.57
9965,7958.95
1775,2428.33
9967,3456.46
1777,6812.67
9969,8215.17
1779,1801.40
9971,8106.39
1781,8370.26
9973,1653.43
1783,9966.06
9975,5354.46
1785,6893.69
9977,6522.82
1787,5596.63
9979,8283.21
1789,1003.35
9981,7152.49
1791,8984.75
9983,2207.30
1793,2889.65
9985,3607.13
1795,3278.72
9987,6256.24
1797,9899.48
9989,9531.56
1799,2610.28
9991,1855.43
1801,8509.78
9993,871.48
1803,5867.15
9995,377.67
1805,9193.40
9997,1969.47
1807,1267.44
9999,4567.26
1809,1633.89
10001,8167.16
1811,3244.10
10003,4618.43
1813,3990.15
10005,7547.74
1815,8854.29
10007,6085.71
1817,5205.75
10009,4636.23
1819,6052.84
10011,6066.29
1821,7919.22
10013,4298.65
1823,3303.88
10015,4352.47
1825,3999.45
10017,3264.00
1827,1534.71
10019,2864.21
1829,8511.59
10021,7341.66
1831,268.55
10023,7799.02
1833,9612.78
10025,980.95
1835,6768.06
10027,8341.57
1837,569.90
10029,7190.37
1839,2497.15
10031,7919.32
1841,7247.20
10033,7818.51
1843,5999.91
10035,4234.62
1845,3131.60
10037,8642.23
1847,1287.99
10039,3876.76
1849,2510.28
10041,8854.53
1851,6440.62
10043,2201.64
1853,4503.82
10045,2441.43
1855,1889.68
10047,9067.39
1857,3968.35
10049,2531.30
1859,9675.97
10051,3355.18
1861,8341.21
10053,439.96
1863,5813.37
10055,7769.73
1865,4037.25
10057,6098.27
1867,6425.71
10059,5291.33
1869,7342.33
10061,6276.19
1871,9751.70
10063,4324.66
1873,3582.21
10065,8001.00
1875,2649.09
10067,1433.29
1877,5458.71
10069,5222.99
1879,7141.17
10071,7874.52
1881,6250.96
10073,2786.86
1883,8897.24
10075,8920.25
1885,4351.95
10077,3686.63
1887,4491.73
10079,7956.74
1889,7200.26
10081,6624.45
1891,3005.69
10083,6369.12
1893,1064.66
10085,2582.15
1895,9323.19
10087,6690.02
1897,2833.36
10089,1432.84
1899,1771.60
10091,1625.11
1901,7290.81
10093,2856.47
1903,3362.31
10095,2164.80
1905,3951.96
10097,616.04
1907,9062.98
10099,3995.48
1909,439.72
10101,6709.19
1911,5637.76
10103,3845.12
1913,3640.57
10105,5794.99
1915,4350.23
10107,2293.85
1917,7323.12
10109,5568.24
1919,5360.21
10111,9721.83
1921,1767.24
10113,8660.26
1923,3684.32
10115,7722.79
1925,8359.79
10117,7939.73
1927,3130.76
10119,2785.10
1929,1807.51
10121,8041.00
1931,5762.04
10123,5088.39
1933,1648.04
10125,3769.02
1935,7204.66
10127,2647.75
1937,7579.15
10129,9317.50
1939,5956.22
10131,8346.68
1941,5371.24
10133,6240.75
1943,1534.97
10135,9667.47
1945,9782.43
10137,7244.64
1947,3547.41
10139,9411.81
1949,4199.33
10141,2940.17
1951,3294.05
10143,9608.51
1953,1801.45
10145,9829.91
1955,2173.36
10147,7416.19
1957,5223.66
10149,6155.24
1959,9040.83
10151,5288.09
1961,9187.76
10153,130.35
1963,468.98
10155,2268.89
1965,6710.97
10157,6411.57
1967,2216.01
10159,3011.94
1969,1415.23
10161,3924.27
1971,4990.15
10163,4649.89
1973,3715.31
10165,1502.92
1975,3810.61
10167,5793.41
1977,4853.96
10169,6183.40
1979,8203.70
10171,6156.88
1981,7509.06
10173,4671.31
1983,2508.52
10175,2950.37
1985,8818.70
10177,5207.48
1987,7261.75
10179,3186.90
1989,7616.58
10181,8721.38
1991,3522.19
10183,2572.48
1993,1207.54
10185,7410.83
1995,2345.17
10187,2816.90
1997,4643.08
10189,2515.40
1999,3364.11
10191,3083.89
2001,5639.17
10193,1873.54
2003,7600.82
10195,2584.00
2005,5290.22
10197,5582.74
2007,8673.56
10199,4216.23
2009,7421.56
10201,6050.35
2011,5447.66
10203,6250.06
2013,8889.86
10205,4752.58
2015,2757.17
10207,1082.70
2017,3088.00
10209,3802.94
2019,7580.26
10211,5966.73
2021,4444.06
10213,9961.28
2023,8096.75
10215,1040.23
2025,1562.50
10217,6744.49
2027,9563.60
10219,441.10
2029,8192.20
10221,3225.83
2031,9438.90
10223,7017.50
2033,6099.62
10225,296.88
2035,3417.78
10227,1932.05
2037,4165.88
10229,2821.79
2039,5153.06
10231,3592.25
2041,3306.06
10233,372.53
2043,6559.05
10235,5297.08
2045,9173.92
10237,3115.60
2047,5140.03
10239,9504.15
2049,7221.06
10241,7643.36
2051,9499.13
10243,2752.55
2053,8639.32
10245,5075.28
2055,2861.00
10247,1390.03
2057,6575.79
10249,5076.05
2059,9931.82
10251,9932.28
2061,1444.50
10253,7289.60
2063,4774.12
10255,2719.52
2065,1949.23
10257,5932.77
2067,110.91
10259,9709.75
2069,3332.05
10261,5730.05
2071,4407.98
10263,5355.54
2073,742.71
10265,9235.74
2075,2875.96
10267,6411.27
2077,479.14
10269,755.82
2079,6593.28
10271,7703.51
2081,4176.15
10273,5380.88
2083,4151.41
10275,9642.86
2085,335.53
10277,2457.77
2087,3039.89
10279,8794.99
2089,8049.90
10281,1413.72
2091,6493.92
10283,8483.21
2093,4036.26
10285,6429.41
2095,328.71
10287,2691.91
2097,9148.99
10289,9025.81
2099,1262.21
10291,4927.58
2101,5310.50
10293,4146.52
2103,758.41
10295,7443.47
2105,5935.51
10297,1339.44
2107,4341.76
10299,6781.27
2109,4051.31
10301,9290.05
2111,5293.67
10303,2558.90
2113,9885.29
10305,6091.00
2115,4428.45
10307,5542.43
2117,9333.34
10309,684.28
2119,6259.26
10311,373.41
2121,8660.64
10313,3770.96
2123,7209.36
10315,3561.64
2125,5796.35
10317,9252.99
2127,5107.90
10319,5549.54
2129,5320.87
10321,8635.57
2131,5785.40
10323,613.47
2133,8365.67
10325,7197.19
2135,450.36
10327,2838.00
2137,3989.27
10329,1878.73
2139,4690.55
10331,2251.51
2141,1901.42
10333,3064.15
2143,4996.54
10335,8949.64
2145,4146.16
10337,1571.98
2147,8336.15
10339,7312.17
2149,3217.79
10341,9562.15
2151,7338.46
10343,4021.64
2153,7340.93
10345,8935.21
2155,6994.31
10347,3160.77
2157,5189.35
10349,9190.39
2159,812.43
10351,9153.58
2161,5776.35
10353,5448.48
2163,1499.41
10355,1254.20
2165,9283.37
10357,3602.68
2167,2322.35
10359,2108.84
2169,6834.78
10361,6641.47
2171,4123.40
10363,1232.15
2173,2585.69
10365,4683.05
2175,6787.65
10367,4742.04
2177,8793.35
10369,7039.08
2179,4731.08
10371,1647.58
2181,7851.82
10373,9569.65
2183,7567.33
10375,1725.54
2185,8282.05
10377,2513.48
2187,977.60
10379,873.75
2189,3961.26
10381,8910.85
2191,5667.88
10383,8330.70
2193,1614.06
10385,5781.46
2195,4283.85
10387,3080.05
2197,136.68
10389,649.89
2199,5344.65
10391,9915.80
2201,8704.23
10393,5143.36
2203,8942.65
10395,4144.91
2205,2634.34
10397,2620.27
2207,8997.14
10399,1641.08
2209,2093.33
10401,5121.73
2211,920.19
10403,6302.66
2213,1121.37
10405,1089.69
2215,7365.06
10407,7948.79
2217,1396.24
10409,4245.56
2219,6216.41
10411,9495.53
2221,5273.72
10413,6988.44
2223,8176.26
10415,7843.36
2225,7862.65
10417,8769.26
2227,1292.16
10419,9197.38
2229,6587.64
10421,2847.64
2231,1413.03
10423,3940.67
2233,1876.76
10425,1469.56
2235,2780.28
10427,3725.81
2237,7749.55
10429,5451.54
2239,1041.44
10431,5834.47
2241,8236.31
10433,5360.44
2243,7938.73
10435,420.25
2245,3562.10
10437,198.51
2247,9522.75
10439,2884.34
2249,1575.62
10441,9905.73
2251,7105.44
10443,4963.65
2253,8509.03
10445,9637.98
2255,3231.67
10447,7171.45
2257,5653.14
10449,7898.51
2259,3123.84
10451,1774.43
2261,1411.13
10453,3726.78
2263,5404.09
10455,6709.10
2265,7404.28
10457,7482.86
2267,3743.07
10459,5540.33
2269,8695.37
10461,2330.83
2271,1476.29
10463,7798.82
2273,4515.64
10465,7147.64
2275,1577.46
10467,1552.59
2277,910.07
10469,7965.64
2279,6873.64
10471,5565.07
2281,7728.43
10473,5942.53
2283,392.45
10475,1896.98
2285,3900.30
10477,5192.54
2287,9646.95
10479,2280.52
2289,2496.25
10481,5041.62
2291,7011.92
10483,1853.84
2293,5486.47
10485,3003.61
2295,6801.62
10487,5065.08
2297,993.80
10489,4769.42
2299,8064.26
10491,2181.26
2301,8865.02
10493,3151.94
2303,3552.00
10495,8796.15
2305,8559.50
10497,2563.13
2307,485.01
10499,783.63
2309,6791.52
10501,2890.54
2311,3698.30
10503,8566.55
2313,2569.61
10505,6669.82
2315,4697.93
10507,542.20
2317,379.46
10509,2612.75
2319,3044.71
10511,2265.64
2321,8753.69
10513,277.05
2323,9803.63
10515,5367.35
2325,5916.21
10517,8536.37
2327,5349.37
10519,9977.89
2329,914.96
10521,9492.20
2331,8420.74
10523,7291.77
2333,6691.02
10525,4446.96
2335,7838.39
10527,3337.50
2337,8820.35
10529,8146.14
2339,9827.77
10531,8122.61
2341,7063.00
10533,6750.14
2343,3366.21
10535,9518.28
2345,7045.13
10537,6086.46
2347,1816.58
10539,891.61
2349,232.76
10541,8109.46
2351,9493.02
10543,5723.22
2353,424.26
10545,6135.43
2355,6476.04
10547,9528.92
2357,3157.98
10549,1776.87
2359,573.20
10551,8539.02
2361,5736.46
10553,5406.22
2363,2894.73
10555,954.03
2365,9958.91
10557,7415.78
2367,4237.38
10559,3832.32
2369,4855.83
10561,4188.05
2371,3918.98
10563,305.42
2373,7103.67
10565,6210.75
2375,418.96
10567,8526.78
2377,4179.70
10569,5240.29
2379,6994.35
10571,635.69
2381,7157.59
10573,4890.23
2383,5772.04
10575,8705.96
2385,3148.01
10577,8792.29
2387,9620.19
10579,4942.59
2389,1134.25
10581,6097.91
2391,7085.89
10583,6873.86
2393,9147.65
10585,4837.48
2395,9678.52
10587,7354.63
2397,3060.02
10589,2181.90
2399,2471.55
10591,2492.37
2401,4327.58
10593,5857.08
2403,1123.47
10595,6860.04
2405,3088.79
10597,389.51
2407,1270.18
10599,5133.43
2409,1319.22
10601,9874.61
2411,6541.38
10603,6757.63
2413,2257.58
10605,1346.23
2415,8436.57
10607,5981.42
2417,3949.36
10609,7551.10
2419,1370.73
10611,1822.73
2421,5572.61
10613,4572.90
2423,8699.26
10615,4682.48
2425,6691.74
10617,2024.85
2427,9800.44
10619,1193.15
2429,6846.90
10621,3251.14
2431,5123.49
10623,8382.42
2433,7908.16
10625,3944.89
2435,5116.67
10627,2280.01
2437,4089.34
10629,158.97
2439,5015.88
10631,3606.93
2441,532.58
10633,6385.29
2443,3305.89
10635,5569.51
2445,2829.70
10637,1000.07
2447,8761.66
10639,2310.66
2449,6489.50
10641,416.47
2451,970.21
10643,8993.06
2453,7877.72
10645,9949.79
2455,4487.97
10647,3296.42
2457,3602.98
10649,5417.28
2459,7328.40
10651,5331.77
2461,949.93
10653,290.91
2463,1867.38
10655,4871.92
2465,8467.57
10657,961.95
2467,5014.11
10659,8334.09
2469,8554.68
10661,4352.86
2471,211.44
10663,6710.47
2473,139.24
10665,9112.63
2475,2885.44
10667,6257.77
2477,4896.84
10669,8888.98
2479,9354.30
10671,7122.07
2481,3163.34
10673,5940.84
2483,997.82
10675,9666.08
2485,8319.24
10677,2747.83
2487,5068.53
10679,8167.68
2489,9502.97
10681,8268.73
2491,6076.50
10683,7452.63
2493,6976.27
10685,6160.92
2495,1315.11
10687,2491.46
2497,4205.54
10689,318.80
2499,7893.27
10691,1226.58
2501,9266.55
10693,1087.48
2503,8379.09
10695,3593.27
2505,2653.10
10697,2461.95
2507,3530.89
10699,4039.06
2509,8613.50
10701,4533.53
2511,8339.67
10703,2501.11
2513,3944.26
10705,9874.60
2515,5642.12
10707,1819.36
2517,5101.10
10709,4565.49
2519,8739.72
10711,392.30
2521,4158.15
10713,4579.89
2523,5502.59
10715,5142.39
2525,7680.94
10717,8887.56
2527,3421.85
10719,4358.07
2529,6760.81
10721,1129.80
2531,9480.00
10723,8586.75
2533,7050.46
10725,5217.70
2535,305.45
10727,4146.43
2537,8302.58
10729,8981.66
2539,2023.90
10731,937.38
2541,9338.00
10733,7260.97
2543,8163.13
10735,9231.45
2545,3325.28
10737,5514.20
2547,885.29
10739,5155.78
2549,7902.74
10741,4151.59
2551,7505.73
10743,737.71
2553,5363.77
10745,7294.98
2555,5975.36
10747,2632.14
2557,6450.82
10749,3733.22
2559,1670.50
10751,4814.13
2561,2942.77
10753,1418.26
2563,7107.61
10755,8715.31
2565,7831.12
10757,7984.76
2567,9910.72
10759,8674.10
2569,7098.81
10761,8154.57
2571,2162.59
10763,9052.14
2573,5492.10
10765,1664.00
2575,6310.66
10767,6575.36
2577,4509.07
10769,3024.53
2579,295.54
10771,7571.96
2581,4503.35
10773,4763.61
2583,6896.07
10775,5402.48
2585,2158.14
10777,9464.79
2587,6442.42
10779,5152.12
2589,4080.70
10781,1909.53
2591,3242.62
10783,7432.04
2593,6015.48
10785,216.53
2595,6020.22
10787,423.61
2597,3919.00
10789,1259.88
2599,2489.92
10791,7574.83
2601,9119.89
10793,3666.04
2603,668.39
10795,2281.34
2605,8548.21
10797,8338.00
2607,9445.98
10799,8928.05
2609,3148.90
10801,4582.58
2611,8522.62
10803,2150.50
2613,7827.50
10805,6260.97
2615,5200.66
10807,7923.98
2617,4090.86
10809,2064.27
2619,7128.84
10811,9743.14
2621,246.79
10813,7508.72
2623,9890.76
10815,3962.16
2625,9692.22
10817,9030.43
2627,6167.33
10819,3959.68
2629,8710.53
10821,5729.15
2631,970.52
10823,6606.42
2633,4517.61
10825,2050.62
2635,5812.42
10827,2274.47
2637,4861.80
10829,5253.25
2639,9280.98
10831,6301.27
2641,5896.52
10833,7904.80
2643,8853.43
10835,280.54
2645,4158.19
10837,8664.68
2647,8860.83
10839,1045.52
2649,2117.13
10841,1385.04
2651,2842.88
10843,7909.16
2653,1930.93
10845,2490.69
2655,4575.03
10847,4347.29
2657,6053.07
10849,1588.67
2659,4965.23
10851,2835.06
2661,5028.93
10853,5061.48
2663,7643.35
10855,6842.84
2665,3528.11
10857,5354.10
2667,5095.78
10859,3068.17
2669,2857.89
10861,6621.89
2671,6005.58
10863,2138.00
2673,4516.45
10865,5211.28
2675,9674.55
10867,2691.26
2677,2444.91
10869,3839.47
2679,1497.09
10871,6559.67
2681,4145.42
10873,2433.17
2683,9016.18
10875,2725.82
2685,8498.39
10877,1375.58
2687,6261.69
10879,408.24
2689,8579.77
10881,1999.88
2691,8064.12
10883,5292.34
2693,6948.33
10885,2222.89
2695,7692.47
10887,3674.90
2697,527.60
10889,441.65
2699,1972.98
10891,9143.45
2701,5810.81
10893,3627.24
2703,1586.15
10895,5624.05
2705,4900.36
10897,5794.18
2707,7504.04
10899,2471.63
2709,9217.12
10901,385.77
2711,5965.71
10903,856.23
2713,7112.92
10905,9695.29
2715,1069.86
10907,116.04
2717,8954.33
10909,6704.87
2719,6704.64
10911,2372.74
2721,5803.48
10913,3314.00
2723,5923.97
10915,7861.11
2725,1559.43
10917,2468.34
2727,213.18
10919,3684.92
2729,3115.22
10921,6211.59
2731,7115.64
10923,3104.45
2733,6956.43
10925,9469.66
2735,7324.96
10927,4826.43
2737,9398.96
10929,7876.88
2739,3014.41
10931,8003.11
2741,3210.26
10933,3659.81
2743,9631.28
10935,4379.18
2745,8639.15
10937,6377.50
2747,6275.79
10939,3306.16
2749,8228.46
10941,5264.76
2751,7777.51
10943,3400.37
2753,1176.10
10945,4263.93
2755,9182.95
10947,8680.56
2757,3306.57
10949,9022.61
2759,2381.90
10951,3871.35
2761,1292.66
10953,4645.44
2763,6129.16
10955,1021.73
2765,2170.96
10957,6387.26
2767,4289.92
10959,9801.42
2769,8568.44
10961,7382.80
2771,1581.15
10963,4194.06
2773,3781.14
10965,274.44
2775,196.65
10967,3138.16
2777,9714.19
10969,9216.95
2779,5704.61
10971,5429.47
2781,8819.47
10973,7250.17
2783,1210.07
10975,3381.80
2785,9302.98
10977,4075.99
2787,6815.85
10979,7079.57
2789,922.75
10981,4398.74
2791,5960.42
10983,3787.60
2793,5647.95
10985,2148.27
2795,408.18
10987,9606.16
2797,1153.93
10989,6922.57
2799,5774.27
10991,6510.66
2801,2993.15
10993,1551.03
2803,8218.84
10995,5737.25
2805,5049.83
10997,3368.55
2807,4849.55
10999,306.81
2809,7646.25
2811,7146.87
2813,7604.28
2815,6769.96
2817,8088.85
2819,3673.51
2821,2988.92
2823,3528.33
2825,9817.57
2827,2211.24
2829,2732.32
2831,1191.35
2833,1927.09
2835,1178.64
2837,8997.33
2839,1993.74
2841,3131.15
2843,9338.43
2845,4465.40
2847,2971.52
2849,4071.68
2851,9600.46
2853,8589.04
2855,9662.53
2857,8157.84
2859,9181.24
2861,4109.13
2863,5617.10
2865,5670.02
2867,2768.62
2869,6351.66
2871,3206.70
2873,4428.95
2875,2854.07
2877,2464.65
2879,9351.79
2881,3218.38
2883,4906.77
2885,4514.89
2887,3021.87
2889,7388.42
2891,2417.56
2893,4989.81
2895,2166.07
2897,9198.22
2899,258.64
2901,7774.55
2903,238.20
2905,7369.46
2907,4797.51
2909,8953.66
2911,4252.05
2913,9856.56
2915,649.79
2917,2582.53
2919,2655.99
2921,4816.87
2923,8302.29
2925,6534.21
2927,2019.58
2929,6272.63
2931,2525.07
2933,1261.36
2935,9153.41
2937,4074.16
2939,6226.78
2941,2763.63
2943,2296.28
2945,7744.42
2947,1976.49
2949,103.77
2951,2774.95
2953,994.37
2955,8107.01
2957,8734.34
2959,9204.70
2961,6567.87
2963,2011.53
2965,2053.02
2967,4151.80
2969,6745.74
2971,9862.70
2973,6080.39
2975,9471.87
2977,4654.01
2979,8626.75
2981,388.77
2983,7566.96
2985,9608.02
2987,6513.83
2989,2955.34
2991,3297.86
2993,2371.91
2995,4941.41
2997,686.19
2999,7077.67
3001,4757.16
3003,3274.96
3005,4678.18
3007,6484.43
3009,1909.50
3011,7463.02
3013,799.42
3015,8535.59
3017,1495.42
3019,3190.21
3021,2961.55
3023,1118.69
3025,7021.66
3027,6429.94
3029,9909.65
3031,6563.72
3033,4035.28
3035,5306.30
3037,6063.51
3039,3516.78
3041,9997.46
3043,8798.66
3045,8461.27
3047,8581.19
3049,3649.39
3051,4050.64
3053,3726.51
3055,7194.24
3057,8225.80
3059,1074.79
3061,7300.58
3063,7568.49
3065,4554.43
3067,1880.21
3069,382.20
3071,2501.42
3073,6005.92
3075,2742.71
3077,4312.78
3079,9425.86
3081,1512.40
3083,6077.20
3085,788.39
3087,1132.87
3089,6236.10
3091,7049.07
3093,3791.68
3095,5449.20
3097,3762.76
3099,8865.13
3101,798.39
3103,8724.54
3105,1909.57
3107,3940.51
3109,4174.85
3111,9189.76
3113,6975.46
3115,4186.90
3117,1214.78
3119,1820.65
3121,1310.06
3123,6178.85
3125,5667.62
3127,9873.76
3129,6431.46
3131,1145.28
3133,661.54
3135,4916.66
3137,5084.54
3139,7552.97
3141,7728.23
3143,7460.39
3145,5812.52
3147,6288.04
3149,1406.67
3151,8540.13
3153,522.75
3155,5391.54
3157,9673.21
3159,8854.15
3161,3922.83
3163,2667.11
3165,2781.10
3167,1930.91
3169,7855.13
3171,315.01
3173,3389.70
3175,6933.66
3177,4738.60
3179,3919.99
3181,7897.92
3183,6991.09
3185,4178.42
3187,7422.26
3189,9048.81
3191,6875.73
3193,2977.54
3195,5438.04
3197,8894.57
3199,8169.28
3201,6039.97
3203,6431.86
3205,5168.38
3207,1718.70
3209,8270.55
3211,5994.13
3213,9436.78
3215,2678.02
3217,6735.14
3219,4273.96
3221,3015.99
3223,1296.07
3225,1565.66
3227,5674.05
3229,7154.61
3231,6768.83
3233,6305.73
3235,3303.15
3237,4757.92
3239,2437.71
3241,6933.57
3243,8397.99
3245,6018.94
3247,3412.17
3249,5641.62
3251,7656.60
3253,1472.20
3255,1233.03
3257,7293.80
3259,1750.66
3261,4177.10
3263,2451.43
3265,946.47
3267,6312.12
3269,5749.63
3271,5244.34
3273,8636.22
3275,7406.02
3277,4893.34
3279,652.99
3281,9907.24
3283,2942.65
3285,5787.03
3287,5267.95
3289,430.74
3291,4279.46
3293,6522.29
3295,1523.62
3297,2164.80
3299,9555.46
3301,5078.73
3303,3443.97
3305,9809.05
3307,3900.32
3309,5666.94
3311,5144.98
3313,7529.27
3315,3994.14
3317,5443.01
3319,4569.81
3321,1997.09
3323,3971.82
3325,8464.39
3327,915.22
3329,8091.83
3331,7904.95
3333,6702.45
3335,3921.35
3337,6765.98
3339,5383.45
3341,4825.97
3343,4257.59
3345,1767.11
3347,5401.46
3349,587.35
3351,9906.53
3353,7587.37
3355,6539.98
3357,9924.15
3359,1003.85
3361,4058.31
3363,505.11
3365,8996.24
3367,5908.53
3369,8645.11
3371,3817.81
3373,8439.84
3375,6942.41
3377,7997.60
3379,1361.82
3381,7843.29
3383,2988.04
3385,3627.49
3387,5724.51
3389,2498.29
3391,3921.21
3393,3894.51
3395,6904.03
3397,3707.32
3399,1803.70
3401,3338.21
3403,9962.37
3405,4394.61
3407,9310.61
3409,7918.27
3411,8579.24
3413,7275.08
3415,6373.05
3417,1615.27
3419,5896.45
3421,1806.18
3423,7821.11
3425,1161.63
3427,1291.79
3429,5887.07
3431,2545.97
3433,1300.17
3435,4577.19
3437,1273.96
3439,3422.60
3441,216.23
3443,2081.26
3445,8188.70
3447,7979.46
3449,668.74
3451,5123.50
3453,8189.94
3455,3957.55
3457,7569.23
3459,6356.62
3461,1184.12
3463,6273.61
3465,9221.67
3467,843.33
3469,8895.83
3471,1906.77
3473,7071.19
3475,1059.05
3477,2264.16
3479,994.00
3481,6890.89
3483,1627.36
3485,9707.87
3487,1927.22
3489,1228.98
3491,6595.57
3493,9480.89
3495,6862.92
3497,1893.37
3499,168.21
3501,805.07
3503,4847.11
3505,6047.75
3507,3564.82
3509,2088.68
3511,532.24
3513,1117.01
3515,9944.33
3517,7571.14
3519,7585.54
3521,2397.85
3523,8877.99
3525,2715.98
3527,6554.55
3529,1578.61
3531,5827.47
3533,1355.52
3535,9902.02
3537,5609.87
3539,3362.52
3541,4097.14
3543,5237.63
3545,1941.85
3547,7235.32
3549,4015.85
3551,1393.81
3553,6330.43
3555,7442.44
3557,7063.31
3559,6505.24
3561,5129.93
3563,5213.08
3565,2937.66
3567,8429.67
3569,8287.64
3571,8513.48
3573,1702.44
3575,7566.15
3577,7170.51
3579,4659.02
3581,7196.87
3583,9384.49
3585,5903.50
3587,836.11
3589,6036.43
3591,2646.71
3593,3197.67
3595,3731.51
3597,1578.33
3599,3321.20
3601,1596.06
3603,1132.40
3605,7504.53
3607,9674.06
3609,6235.24
3611,5605.66
3613,234.16
3615,8861.24
3617,7433.52
3619,5928.99
3621,8138.01
3623,561.54
3625,6212.59
3627,4072.28
3629,4478.87
3631,6042.13
3633,3312.81
3635,1872.52
3637,7357.07
3639,7904.73
3641,9826.32
3643,6812.70
3645,6804.32
3647,9412.51
3649,467.18
3651,1600.36
3653,2735.97
3655,6057.62
3657,1722.90
3659,2164.26
3661,9603.08
3663,6324.01
3665,2821.93
3667,1875.19
3669,3067.07
3671,3397.96
3673,9547.13
3675,3518.69
3677,2416.86
3679,1721.05
3681,9321.69
3683,3817.91
3685,1473.99
3687,3954.78
3689,8894.36
3691,1478.66
3693,8109.78
3695,162.72
3697,6095.66
3699,3280.47
3701,5961.04
3703,3515.91
3705,9627.86
3707,4628.92
3709,9933.62
3711,4911.67
3713,5475.20
3715,3397.23
3717,3374.99
3719,7464.54
3721,6616.74
3723,8311.52
3725,9790.44
3727,9193.57
3729,4594.55
3731,4800.36
3733,8400.01
3735,2802.61
3737,6669.26
3739,8966.67
3741,6170.63
3743,2607.06
3745,3071.44
3747,6968.94
3749,3852.63
3751,4979.99
3753,761.17
3755,4317.21
3757,4283.67
3759,8688.36
3761,3240.09
3763,5713.58
3765,381.18
3767,6203.48
3769,3132.13
3771,7234.40
3773,6701.68
3775,6847.11
3777,7555.48
3779,1165.83
3781,5594.92
3783,645.30
3785,2476.16
3787,142.30
3789,4433.68
3791,8703.05
3793,8221.91
3795,6748.57
3797,7872.60
3799,2660.13
3801,9297.44
3803,5551.87
3805,9745.29
3807,5681.39
3809,3781.17
3811,1002.33
3813,3246.03
3815,630.85
3817,5545.65
3819,7251.77
3821,3287.47
3823,7104.42
3825,5324.22
3827,8522.48
3829,7530.17
3831,3919.04
3833,5680.06
3835,7434.22
3837,470.43
3839,6746.66
3841,4262.85
3843,6026.04
3845,9293.40
3847,4060.95
3849,7287.95
3851,9365.76
3853,7101.78
3855,3742.68
3857,5271.98
3859,5781.00
3861,8344.00
3863,4342.99
3865,7827.63
3867,8330.68
3869,9709.65
3871,6116.97
3873,7416.54
3875,5046.59
3877,2770.00
3879,9317.55
3881,9002.53
3883,565.15
3885,9173.75
3887,9734.97
3889,2728.74
3891,7318.84
3893,4083.90
3895,7098.62
3897,8170.64
3899,1615.82
3901,6908.75
3903,2865.43
3905,3321.26
3907,3911.40
3909,6531.01
3911,2085.51
3913,1639.19
3915,4788.25
3917,8689.60
3919,2773.58
3921,8627.61
3923,2586.08
3925,6537.57
3927,2206.85
3929,2248.47
3931,162.65
3933,7901.62
3935,5207.25
3937,4379.89
3939,2796.05
3941,2935.42
3943,7830.76
3945,6971.58
3947,3827.47
3949,7801.82
3951,5533.14
3953,5542.05
3955,807.72
3957,9153.30
3959,3182.05
3961,5471.24
3963,3936.67
3965,163.47
3967,238.17
3969,4640.19
3971,6151.61
3973,6597.24
3975,3793.92
3977,3997.14
3979,6139.81
3981,9378.38
3983,9982.89
3985,8079.42
3987,7440.76
3989,8669.07
3991,7532.42
3993,2599.07
3995,947.05
3997,3775.48
3999,4857.74
4001,1030.79
4003,5918.27
4005,2369.72
4007,9711.66
4009,327.46
4011,7733.72
4013,6218.05
4015,2804.76
4017,1418.88
4019,8565.27
4021,2073.22
4023,9176.17
4025,653.47
4027,7427.77
4029,2585.27
4031,5155.72
4033,5823.68
4035,7258.94
4037,182.12
4039,2667.74
4041,5727.11
4043,4589.04
4045,646.98
4047,9282.57
4049,6048.56
4051,549.87
4053,6676.60
4055,5070.35
4057,732.21
4059,1178.82
4061,1644.63
4063,4365.70
4065,2576.84
4067,7424.11
4069,1175.37
4071,4543.47
4073,6963.38
4075,4008.08
4077,1835.35
4079,3389.80
4081,4219.04
4083,4257.13
4085,4995.40
4087,6048.40
4089,6126.85
4091,8608.06
4093,1731.14
4095,6282.96
4097,618.94
4099,2544.00
4101,9398.74
4103,6091.06
4105,5649.39
4107,9277.07
4109,518.21
4111,7245.43
4113,3003.16
4115,626.28
4117,8507.34
4119,6653.23
4121,7025.06
4123,7687.32
4125,3115.98
4127,4135.61
4129,7265.34
4131,3794.19
4133,2071.83
4135,5411.57
4137,7933.47
4139,7766.84
4141,4154.55
4143,2996.85
4145,9021.40
4147,9654.40
4149,4094.53
4151,717.74
4153,6060.74
4155,4039.38
4157,2374.34
4159,1437.36
4161,7525.65
4163,7680.94
4165,4128.35
4167,5362.96
4169,6526.50
4171,4374.45
4173,6911.60
4175,8800.70
4177,9692.62
4179,1446.93
4181,8624.86
4183,1733.48
4185,5001.60
4187,5768.82
4189,4978.03
4191,8562.27
4193,5972.95
4195,1706.34
4197,2348.81
4199,5200.96
4201,789.39
4203,4524.11
4205,859.93
4207,5390.41
4209,9950.69
4211,1204.21
4213,1550.83
4215,7093.97
4217,8598.16
4219,6448.69
4221,5146.03
4223,2904.10
4225,9203.06
4227,1421.12
4229,5208.57
4231,7124.74
4233,4989.99
4235,1914.79
4237,808.47
4239,970.93
4241,1237.37
4243,611.36
4245,7582.90
4247,588.82
4249,2879.63
4251,2656.83
4253,761.97
4255,1326.05
4257,1585.86
4259,9089.79
4261,854.77
4263,7578.57
4265,8700.08
4267,907.49
4269,8046.73
4271,7540.87
4273,2179.15
4275,2823.59
4277,9321.34
4279,501.36
4281,7219.66
4283,4473.27
4285,6507.43
4287,2565.91
4289,5074.62
4291,9595.18
4293,6893.23
4295,7727.39
4297,263.33
4299,9462.41
4301,5177.66
4303,9735.96
4305,7280.05
4307,7246.35
4309,707.38
4311,8903.85
4313,9798.14
4315,8025.66
4317,9820.69
4319,3603.47
4321,2760.31
4323,2434.82
4325,8120.12
4327,5670.72
4329,2871.57
4331,4191.75
4333,7141.12
4335,149.20
4337,9931.97
4339,4407.94
4341,3968.00
4343,7947.66
4345,5033.30
4347,3716.95
4349,5826.58
4351,5636.67
4353,4124.69
4355,2631.55
4357,714.40
4359,1083.66
4361,8420.02
4363,885.44
4365,4832.02
4367,9611.15
4369,7020.58
4371,1007.38
4373,3336.59
4375,5792.03
4377,8198.00
4379,6037.84
4381,9826.28
4383,7398.87
4385,4953.62
4387,2529.10
4389,2617.22
4391,980.20
4393,8505.23
4395,5222.89
4397,622.36
4399,7604.73
4401,2253.11
4403,5973.55
4405,5916.78
4407,760.05
4409,1281.20
4411,3262.74
4413,775.82
4415,4548.75
4417,442.89
4419,5458.63
4421,3743.04
4423,4301.57
4425,6835.71
4427,5747.51
4429,2801.27
4431,4871.30
4433,7827.94
4435,3472.40
4437,9031.21
4439,7242.43
4441,7281.47
4443,3778.34
4445,8460.64
4447,4095.77
4449,254.87
4451,9178.13
4453,6492.27
4455,1744.85
4457,1742.38
4459,4569.67
4461,4447.86
4463,6124.47
4465,5942.16
4467,1238.44
4469,2928.16
4471,2136.15
4473,9081.64
4475,8813.96
4477,4797.98
4479,3724.91
4481,5624.16
4483,6706.52
4485,4482.32
4487,1373.25
4489,9173.29
4491,2449.61
4493,5228.08
4495,1536.34
4497,7236.42
4499,408.71
4501,2262.87
4503,5334.10
4505,5844.38
4507,9276.24
4509,2230.01
4511,9082.21
4513,3255.40
4515,6937.60
4517,2805.38
4519,4177.97
4521,2158.12
4523,9323.12
4525,7091.39
4527,6249.70
4529,5035.76
4531,2813.69
4533,3841.08
4535,4218.98
4537,1103.17
4539,9299.08
4541,8802.24
4543,119.39
4545,6868.82
4547,3166.25
4549,688.15
4551,5102.72
4553,3038.18
4555,8544.67
4557,4585.32
4559,2816.13
4561,2814.90
4563,4438.96
4565,3300.56
4567,5493.82
4569,4016.00
4571,7474.46
4573,2643.86
4575,1709.28
4577,5443.50
4579,5168.73
4581,8448.82
4583,1122.60
4585,1074.50
4587,1483.78
4589,532.93
4591,7686.77
4593,6409.14
4595,5455.13
4597,380.97
4599,1506.04
4601,1616.29
4603,6613.60
4605,5147.11
4607,7248.81
4609,7230.03
4611,1373.18
4613,4206.66
4615,8869.44
4617,4358.51
4619,4139.34
4621,3416.26
4623,4727.38
4625,6953.64
4627,6015.02
4629,3081.68
4631,3390.87
4633,4108.48
4635,8079.25
4637,1888.58
4639,249.17
4641,8668.67
4643,6259.31
4645,6969.61
4647,3303.59
4649,1766.95
4651,6208.78
4653,3426.03
4655,2382.61
4657,2625.52
4659,8508.01
4661,1199.14
4663,5951.02
4665,6347.38
4667,3344.41
4669,6482.38
4671,7554.07
4673,1374.42
4675,8878.60
4677,2972.94
4679,1238.20
4681,939.87
4683,748.49
4685,6960.09
4687,2046.90
4689,9097.94
4691,762.90
4693,9800.49
4695,6269.85
4697,4797.56
4699,9568.57
4701,9519.41
4703,4709.30
4705,7770.90
4707,3358.43
4709,8418.35
4711,1064.72
4713,3830.88
4715,7135.98
4717,1682.21
4719,7799.44
4721,4803.80
4723,3120.50
4725,871.92
4727,1213.97
4729,1452.22
4731,1906.83
4733,4494.37
4735,3432.33
4737,8167.46
4739,3263.37
4741,7746.50
4743,3452.34
4745,9162.05
4747,8036.12
4749,8038.39
4751,4625.35
4753,3503.10
4755,3762.65
4757,3116.11
4759,2551.83
4761,7642.65
4763,2757.69
4765,4146.40
4767,3555.35
4769,6172.85
4771,1976.98
4773,6115.42
4775,3662.57
4777,109.03
4779,5185.20
4781,3431.34
4783,835.96
4785,4981.06
4787,4197.42
4789,5613.39
4791,6367.64
4793,9668.84
4795,7442.47
4797,2714.33
4799,8569.73
4801,3080.83
4803,7919.05
4805,5517.57
4807,3798.69
4809,1423.51
4811,1128.49
4813,4852.61
4815,6584.70
4817,3199.30
4819,5436.55
4821,3092.14
4823,8348.58
4825,5148.32
4827,1886.21
4829,5815.16
4831,9601.22
4833,518.88
4835,5729.16
4837,1872.59
4839,8055.03
4841,698.25
4843,5426.11
4845,3191.71
4847,3106.98
4849,2606.10
4851,1000.32
4853,3118.51
4855,3539.68
4857,5021.57
4859,8498.58
4861,4616.50
4863,210.76
4865,9877.13
4867,7428.79
4869,9515.87
4871,494.97
4873,3249.88
4875,4828.06
4877,3018.21
4879,2103.92
4881,2278.84
4883,2153.34
4885,829.01
4887,2486.69
4889,694.86
4891,7114.02
4893,4211.80
4895,8791.45
4897,584.03
4899,2240.47
4901,4762.67
4903,1988.31
4905,5642.67
4907,4856.74
4909,5788.71
4911,1176.21
4913,427.80
4915,9849.68
4917,3997.97
4919,6395.24
4921,6195.75
4923,5114.40
4925,7542.41
4927,6081.00
4929,3401.58
4931,5878.30
4933,7854.41
4935,6738.57
4937,2039.79
4939,5067.28
4941,7165.53
4943,6676.04
4945,199.24
4947,4618.18
4949,1537.18
4951,3317.74
4953,7154.85
4955,3574.38
4957,6697.18
4959,5511.46
4961,1554.02
4963,115.84
4965,6425.78
4967,6402.44
4969,1544.66
4971,3303.18
4973,8770.86
4975,5484.04
4977,5811.16
4979,5498.81
4981,9668.22
4983,1372.33
4985,5476.55
4987,5842.37
4989,3568.39
4991,3087.67
4993,2738.13
4995,3848.46
4997,8386.26
4999,2162.36
5001,6426.13
5003,8000.26
5005,289.38
5007,9338.40
5009,8198.99
5011,9361.96
5013,3514.10
5015,5122.63
5017,9170.74
5019,5915.63
5021,7558.83
5023,4563.08
5025,819.49
5027,4670.97
5029,2346.46
5031,4636.31
5033,948.51
5035,8593.24
5037,7169.61
5039,4240.46
5041,9560.09
5043,6665.36
5045,888.40
5047,4467.55
5049,4811.76
5051,7063.31
5053,7851.62
5055,3657.49
5057,1424.76
5059,3564.38
5061,7537.42
5063,5159.10
5065,4217.90
5067,7150.11
5069,5820.49
5071,8735.33
5073,9939.30
5075,3088.23
5077,5114.40
5079,4291.25
5081,2116.29
5083,135.41
5085,5404.14
5087,4247.58
5089,6442.43
5091,7761.44
5093,1903.46
5095,4123.31
5097,3355.27
5099,2419.83
5101,9557.94
5103,4355.12
5105,7698.51
5107,6927.84
5109,1549.65
5111,9434.25
5113,6248.50
5115,8993.07
5117,2680.75
5119,6281.69
5121,9425.11
5123,1910.00
5125,4632.78
5127,8594.20
5129,8010.13
5131,1975.37
5133,8530.00
5135,3254.08
5137,9257.00
5139,6981.66
5141,5833.45
5143,3850.44
5145,2721.45
5147,4964.30
5149,4494.51
5151,3973.93
5153,605.04
5155,6336.36
5157,7068.43
5159,977.47
5161,735.68
5163,7478.26
5165,3149.03
5167,6124.75
5169,1217.50
5171,8218.83
5173,9867.34
5175,965.44
5177,394.96
5179,4421.73
5181,6861.30
5183,2880.54
5185,409.62
5187,7458.69
5189,3177.21
5191,1397.40
5193,7611.68
5195,5773.77
5197,765.81
5199,7954.46
5201,9156.15
5203,1017.60
5205,398.16
5207,6907.68
5209,381.81
5211,2417.28
5213,5977.60
5215,6431.42
5217,8907.36
5219,7044.05
5221,4531.96
5223,6462.82
5225,2316.31
5227,4098.04
5229,6327.37
5231,7797.42
5233,8386.17
5235,458.28
5237,1300.75
5239,5524.34
5241,7366.57
5243,9536.92
5245,4135.18
5247,7338.11
5249,3618.43
5251,4835.72
5253,797.28
5255,5203.31
5257,3916.10
5259,3969.67
5261,9622.89
5263,201.18
5265,6514.60
5267,907.59
5269,3080.87
5271,613.19
5273,4777.51
5275,7101.41
5277,6735.84
5279,5686.03
5281,4730.53
5283,934.26
5285,3814.85
5287,8537.85
5289,9538.28
5291,2130.76
5293,3874.72
5295,7940.25
5297,774.97
5299,2285.31
5301,6461.42
5303,7934.87
5305,6714.10
5307,2164.89
5309,1360.97
5311,9558.60
5313,7813.23
5315,3328.92
5317,3324.18
5319,1069.37
5321,9904.93
5323,797.22
5325,6579.22
5327,3134.44
5329,571.26
5331,5847.61
5333,8587.75
5335,9307.33
5337,5491.67
5339,5583.54
5341,6672.18
5343,477.60
5345,2222.55
5347,3101.38
5349,3397.96
5351,1508.88
5353,900.65
5355,2791.14
5357,4380.43
5359,5071.06
5361,9660.56
5363,4399.71
5365,9156.39
5367,3780.10
5369,3751.49
5371,7793.75
5373,2279.25
5375,9616.18
5377,2393.18
5379,3451.77
5381,6606.48
5383,4080.15
5385,5532.55
5387,8015.46
5389,8115.62
5391,720.17
5393,9887.80
5395,3694.55
5397,4704.06
5399,9988.65
5401,3988.85
5403,4206.82
5405,6648.88
5407,2953.72
5409,7387.33
5411,8746.41
5413,592.42
5415,2193.69
5417,4935.40
5419,5248.95
5421,4265.34
5423,2945.36
5425,1583.17
5427,4624.25
5429,1722.01
5431,8883.50
5433,6795.08
5435,6768.70
5437,5852.99
5439,947.96
5441,3068.46
5443,2495.98
5445,373.69
5447,5300.18
5449,1338.23
5451,6666.04
5453,5004.47
5455,6258.23
5457,9056.38
5459,5839.24
5461,2132.69
5463,1541.18
5465,3335.97
5467,9027.12
5469,9861.50
5471,500.39
5473,4002.30
5475,2687.38
5477,6096.21
5479,4214.18
5481,7315.38
5483,6124.66
5485,420.36
5487,3328.40
5489,2149.19
5491,1409.57
5493,9688.33
5495,2681.52
5497,525.56
5499,8301.84
5501,7236.11
5503,4406.56
5505,3621.78
5507,6125.56
5509,7736.15
5511,8244.97
5513,9410.82
5515,1959.42
5517,9739.06
5519,1851.21
5521,1517.95
5523,6479.32
5525,1374.12
5527,7942.74
5529,7410.11
5531,1495.07
5533,6439.78
5535,2485.97
5537,5026.88
5539,6653.74
5541,5136.53
5543,2335.54
5545,2951.40
5547,6905.90
5549,8466.94
5551,4777.62
5553,2271.96
5555,8866.28
5557,4046.36
5559,8640.99
5561,983.74
5563,156.99
5565,9415.96
5567,4733.41
5569,5126.58
5571,7096.08
5573,4060.17
5575,4630.23
5577,6370.59
5579,8023.58
5581,2453.94
5583,375.78
5585,4524.11
5587,1449.79
5589,4696.57
5591,5764.73
5593,5960.67
5595,8847.98
5597,6807.19
5599,3860.89
5601,6460.37
5603,6255.91
5605,135.16
5607,843.83
5609,4702.32
5611,6718.24
5613,3032.39
5615,5057.89
5617,8911.64
5619,4530.90
5621,8746.68
5623,3148.03
5625,3707.63
5627,6612.76
5629,3170.11
5631,245.75
5633,3333.61
5635,7374.68
5637,6464.35
5639,9010.25
5641,6193.80
5643,2883.39
5645,6905.30
5647,2214.73
5649,5921.32
5651,4910.18
5653,3996.62
5655,8835.43
5657,4684.07
5659,8165.53
5661,6235.60
5663,2431.53
5665,824.33
5667,2154.92
5669,6627.09
5671,7830.60
5673,769.56
5675,5351.84
5677,5518.79
5679,4778.21
5681,5366.89
5683,4687.13
5685,3529.65
5687,1155.45
5689,6595.39
5691,296.85
5693,2080.33
5695,8801.69
5697,3136.13
5699,7037.17
5701,848.64
5703,150.75
5705,3428.90
5707,3120.99
5709,1717.42
5711,7645.23
5713,6161.75
5715,5683.31
5717,3964.99
5719,3717.03
5721,9103.23
5723,1943.64
5725,9479.81
5727,5912.10
5729,7256.30
5731,8153.21
5733,8495.29
5735,2639.09
5737,1819.16
5739,694.51
5741,4552.00
5743,6561.42
5745,2901.76
5747,2889.88
5749,6067.90
5751,4706.34
5753,2640.31
5755,6332.05
5757,8290.19
5759,6098.34
5761,8700.76
5763,458.83
5765,6859.17
5767,8238.94
5769,3421.64
5771,7244.36
5773,1206.01
5775,261.56
5777,9240.50
5779,8635.02
5781,9546.45
5783,9292.51
5785,7821.57
5787,9238.34
5789,7494.88
5791,554.70
5793,5200.88
5795,7530.65
5797,6604.01
5799,5831.71
5801,986.07
5803,2021.60
5805,998.48
5807,2315.83
5809,7963.26
5811,6568.35
5813,5313.68
5815,2193.40
5817,7248.88
5819,6293.61
5821,467.90
5823,7120.69
5825,3455.69
5827,5190.02
5829,9396.71
5831,8768.19
5833,8471.42
5835,3068.42
5837,2488.65
5839,2413.09
5841,6506.02
5843,2497.52
5845,9104.40
5847,2099.41
5849,9038.67
5851,9133.73
5853,8548.83
5855,7410.88
5857,5283.32
5859,5558.17
5861,5994.45
5863,2705.66
5865,1763.03
5867,772.52
5869,1096.90
5871,8353.22
5873,2305.17
5875,1832.51
5877,6986.11
5879,316.23
5881,3044.30
5883,783.34
5885,5045.95
5887,5244.22
5889,161.65
5891,6248.00
5893,953.96
5895,6575.89
5897,1980.32
5899,4467.26
5901,7530.39
5903,8080.69
5905,7202.36
5907,7385.01
5909,8331.66
5911,5990.44
5913,6597.63
5915,6778.15
5917,7382.62
5919,6658.24
5921,3213.11
5923,588.43
5925,6804.82
5927,5314.74
5929,4033.96
5931,554.49
5933,2835.30
5935,4320.81
5937,7162.38
5939,3842.76
5941,3296.27
5943,7225.66
5945,221.37
5947,5776.53
5949,3019.59
5951,7489.78
5953,4870.69
5955,3569.87
5957,3403.36
5959,4177.31
5961,6489.54
5963,978.07
5965,3112.20
5967,7950.81
5969,1887.80
5971,8863.89
5973,785.09
5975,3057.70
5977,4177.20
5979,3030.69
5981,7384.65
5983,4347.90
5985,1940.62
5987,1704.09
5989,5087.78
5991,4080.64
5993,6022.17
5995,8621.73
5997,2329.85
5999,5398.90
6001,2181.76
6003,7594.80
6005,9168.37
6007,2440.26
6009,2681.38
6011,6881.73
6013,747.25
6015,8553.82
6017,5999.79
6019,4230.10
6021,5024.87
6023,2801.19
6025,7159.13
6027,5028.49
6029,6553.08
6031,5246.09
6033,5978.19
6035,7287.07
6037,5797.13
6039,4164.87
6041,891.93
6043,7576.38
6045,952.84
6047,1093.99
6049,3946.67
6051,2108.42
6053,2448.74
6055,6878.12
6057,9632.95
6059,684.12
6061,318.03
6063,5799.46
6065,491.34
6067,3852.80
6069,3385.44
6071,2732.39
6073,9816.40
6075,6379.83
6077,7575.02
6079,1312.82
6081,8398.95
6083,4904.53
6085,1359.44
6087,9889.95
6089,2859.27
6091,9432.97
6093,1415.87
6095,1984.94
6097,2549.16
6099,6885.12
6101,3154.82
6103,8548.58
6105,1220.20
6107,1036.73
6109,2126.21
6111,9898.75
6113,8293.02
6115,9258.02
6117,8616.87
6119,6477.76
6121,1636.86
6123,8323.43
6125,3595.78
6127,7939.63
6129,4687.82
6131,9473.99
6133,4574.07
6135,2921.57
6137,4392.62
6139,8946.89
6141,1192.45
6143,2527.36
6145,7296.48
6147,2318.51
6149,3508.49
6151,8078.79
6153,321.57
6155,4494.83
6157,9738.96
6159,5743.36
6161,1253.03
6163,7355.70
6165,3724.39
6167,1073.92
6169,5181.81
6171,9851.56
6173,8911.95
6175,5459.76
6177,3730.49
6179,5909.44
6181,1682.68
6183,173.38
6185,9374.72
6187,9325.17
6189,3031.49
6191,8917.63
6193,7187.83
6195,7871.45
6197,4141.11
6199,3625.37
6201,9745.96
6203,3844.06
6205,2430.98
6207,5023.82
6209,5659.73
6211,4848.28
6213,6512.57
6215,9150.71
6217,701.87
6219,5894.59
6221,811.37
6223,540.23
6225,9036.52
6227,4699.87
6229,1595.39
6231,2773.54
6233,9474.30
6235,5967.61
6237,5631.40
6239,2880.46
6241,2592.95
6243,4650.60
6245,4923.61
6247,3216.97
6249,3217.71
6251,5685.13
6253,1018.75
6255,8072.87
6257,365.51
6259,7737.28
6261,6524.48
6263,7837.74
6265,9925.71
6267,995.37
6269,8113.74
6271,8496.88
6273,3662.75
6275,3309.59
6277,853.56
6279,2891.84
6281,4490.90
6283,9589.84
6285,9329.32
6287,5820.87
6289,3542.93
6291,892.39
6293,6456.41
6295,9964.26
6297,7148.86
6299,7758.97
6301,7326.78
6303,2469.34
6305,679.05
6307,219.13
6309,9862.93
6311,3128.26
6313,631.63
6315,9714.31
6317,5025.84
6319,9588.78
6321,2418.38
6323,9034.78
6325,9714.51
6327,7072.33
6329,4062.01
6331,2299.25
6333,1141.99
6335,5990.41
6337,5509.36
6339,8910.20
6341,4624.85
6343,914.19
6345,4017.18
6347,1121.72
6349,8534.75
6351,8205.15
6353,9969.40
6355,9562.51
6357,2724.28
6359,7805.85
6361,8636.72
6363,1309.06
6365,3961.75
6367,521.50
6369,9589.95
6371,2153.87
6373,7701.31
6375,6230.11
6377,183.09
6379,4751.57
6381,4396.07
6383,2653.26
6385,3686.58
6387,9330.37
6389,5970.98
6391,7770.78
6393,1251.54
6395,9127.32
6397,7471.94
6399,1914.70
6401,9774.22
6403,6898.75
6405,2038.09
6407,1288.22
6409,9829.92
6411,3823.10
6413,7545.46
6415,2487.23
6417,2659.49
6419,8070.96
6421,5627.91
6423,969.09
6425,3310.80
6427,7477.73
6429,4942.38
6431,4629.91
6433,1125.00
6435,9550.55
6437,6428.54
6439,5767.26
6441,5503.03
6443,5494.46
6445,2116.35
6447,7084.32
6449,6304.51
6451,736.18
6453,6536.57
6455,5335.91
6457,364.41
6459,2008.41
6461,6342.18
6463,8749.80
6465,7401.19
6467,378.09
6469,4071.07
6471,9487.99
6473,7252.49
6475,9279.00
6477,6220.00
6479,5803.71
6481,7068.87
6483,5762.38
6485,8680.28
6487,2712.10
6489,1193.40
6491,1767.15
6493,9739.68
6495,4447.83
6497,5240.97
6499,3323.57
6501,2018.63
6503,283.17
6505,6782.34
6507,1384.10
6509,4953.32
6511,8550.17
6513,4450.67
6515,6035.22
6517,2431.72
6519,8558.81
6521,5429.39
6523,9068.83
6525,4124.92
6527,7324.47
6529,2040.74
6531,6847.02
6533,1214.50
6535,8647.67
6537,3562.21
6539,297.29
6541,6433.27
6543,3821.86
6545,1597.73
6547,4807.35
6549,7788.05
6551,2068.61
6553,6161.53
6555,3844.84
6557,3098.34
6559,1555.85
6561,3688.10
6563,8146.73
6565,846.27
6567,7229.37
6569,3553.37
6571,4453.82
6573,5718.63
6575,6425.64
6577,5589.65
6579,1299.05
6581,2780.43
6583,9366.85
6585,4770.24
6587,9160.93
6589,5349.40
6591,6964.29
6593,5150.77
6595,4173.45
6597,8793.98
6599,1369.58
6601,5109.67
6603,4903.85
6605,8183.17
6607,8980.63
6609,4549.12
6611,7903.30
6613,6206.80
6615,9268.09
6617,5310.77
6619,2239.40
6621,9549.62
6623,3953.83
6625,5454.69
6627,247.03
6629,7987.80
6631,7007.03
6633,5168.59
6635,6557.98
6637,2233.45
6639,3796.79
6641,1851.43
6643,9585.38
6645,1510.56
6647,9986.97
6649,4748.97
6651,6516.81
6653,4724.26
6655,1056.78
6657,6379.13
6659,3780.40
6661,3920.40
6663,176.45
6665,7952.33
6667,9075.21
6669,9920.40
6671,3908.23
6673,7654.22
6675,6805.00
6677,5613.03
6679,4433.28
6681,1344.89
6683,3649.16
6685,2927.85
6687,9182.54
6689,102.08
6691,3261.57
6693,7559.86
6695,9248.70
6697,3501.11
6699,3568.14
6701,1671.76
6703,5885.51
6705,8914.74
6707,3793.12
6709,8348.89
6711,8242.28
6713,6097.91
6715,7765.85
6717,3127.39
6719,9367.87
6721,2444.73
6723,2292.56
6725,7394.86
6727,9071.46
6729,7707.71
6731,9037.09
6733,6724.05
6735,1104.38
6737,8492.83
6739,454.70
6741,7386.39
6743,5345.97
6745,3504.27
6747,5465.67
6749,7526.25
6751,5265.54
6753,2421.18
6755,1228.02
6757,7743.39
6759,6390.54
6761,1008.11
6763,106.59
6765,1931.42
6767,8083.70
6769,5514.70
6771,5395.19
6773,308.03
6775,291.17
6777,5204.54
6779,9894.76
6781,4702.37
6783,1748.58
6785,9838.14
6787,3371.74
6789,566.36
6791,6535.45
6793,112.45
6795,5810.30
6797,3742.96
6799,5216.89
6801,4793.12
6803,9633.60
6805,2258.20
6807,7843.71
6809,4903.39
6811,602.59
6813,1385.99
6815,4745.50
6817,8293.50
6819,9906.98
6821,8832.31
6823,2020.63
6825,4325.24
6827,7262.58
6829,9663.74
6831,2375.47
6833,8187.14
6835,7786.07
6837,8623.74
6839,2821.09
6841,6314.99
6843,5294.75
6845,7639.69
6847,1868.81
6849,9045.69
6851,3653.33
6853,3138.50
6855,5504.26
6857,8128.74
6859,6826.17
6861,7606.09
6863,4894.97
6865,6732.59
6867,4370.69
6869,4068.04
6871,323.10
6873,7580.92
6875,1737.05
6877,2102.10
6879,1362.08
6881,3677.15
6883,8327.91
6885,3902.78
6887,6529.46
6889,6417.78
6891,2574.64
6893,8356.36
6895,3689.32
6897,1848.20
6899,244.64
6901,7326.73
6903,4926.86
6905,4867.00
6907,5887.41
6909,1447.18
6911,9392.98
6913,3257.42
6915,3112.37
6917,7081.95
6919,2204.98
6921,2936.83
6923,1059.97
6925,4716.99
6927,2064.66
6929,4312.87
6931,429.54
6933,4038.84
6935,1212.63
6937,8159.17
6939,5714.56
6941,3366.82
6943,3207.99
6945,2167.21
6947,8660.96
6949,9069.26
6951,7456.56
6953,3756.42
6955,1661.20
6957,6084.28
6959,7839.59
6961,5044.02
6963,4135.05
6965,2757.90
6967,1344.71
6969,1250.10
6971,6520.73
6973,4182.76
6975,7457.58
6977,372.62
6979,4129.31
6981,8030.50
6983,2481.25
6985,553.62
6987,4878.69
6989,1175.68
6991,557.81
6993,9321.21
6995,4512.35
6997,5003.65
6999,1927.85
7001,6204.55
7003,9242.74
7005,1128.33
7007,3771.69
7009,554.53
7011,9945.12
7013,6331.09
7015,2222.38
7017,5836.84
7019,172.91
7021,2131.83
7023,1041.65
7025,8219.00
7027,3982.71
7029,156.17
7031,9135.38
7033,126.20
7035,5478.63
7037,5085.27
7039,7717.17
7041,9219.59
7043,8748.11
7045,968.99
7047,1852.29
7049,5992.75
7051,8183.18
7053,9937.79
7055,8429.70
7057,1528.48
7059,4941.61
7061,5529.84
7063,8812.12
7065,5063.96
7067,9515.55
7069,1702.55
7071,8898.22
7073,2840.70
7075,7699.69
7077,7321.37
7079,4560.90
7081,6386.10
7083,9505.38
7085,8033.91
7087,4285.34
7089,1723.40
7091,1334.49
7093,3206.55
7095,1637.09
7097,7703.52
7099,5052.84
7101,3163.42
7103,1272.55
7105,1397.30
7107,1865.78
7109,5768.82
7111,3212.24
7113,9225.05
7115,9494.09
7117,8690.73
7119,5629.51
7121,3334.72
7123,348.86
7125,7071.64
7127,4970.59
7129,5705.12
7131,8392.95
7133,7015.67
7135,3321.08
7137,3130.20
7139,4422.09
7141,6336.58
7143,726.10
7145,1823.18
7147,4087.29
7149,5099.58
7151,1640.04
7153,6586.92
7155,776.70
7157,6169.06
7159,2634.09
7161,1539.58
7163,5996.91
7165,5078.55
7167,1227.28
7169,5282.96
7171,4155.76
7173,2072.55
7175,7747.60
7177,1885.63
7179,6746.05
7181,1435.90
7183,7251.55
7185,633.18
7187,7546.68
7189,5491.14
7191,1784.33
7193,6517.00
7195,1138.30
7197,726.62
7199,4361.27
7201,9973.17
7203,991.19
7205,4337.54
7207,5536.80
7209,9641.77
7211,483.80
7213,955.24
7215,1797.28
7217,2497.61
7219,8204.21
7221,4133.30
7223,868.19
7225,7360.36
7227,9260.74
7229,415.03
7231,3601.83
7233,3644.63
7235,3946.88
7237,499.47
7239,3104.41
7241,469.92
7243,8261.66
7245,2164.52
7247,104.03
7249,4434.91
7251,8246.12
7253,3325.00
7255,6067.85
7257,9067.96
7259,3196.96
7261,7388.38
7263,1641.20
7265,8706.30
7267,7370.26
7269,7448.98
7271,3059.02
7273,9749.72
7275,8972.35
7277,6798.88
7279,3303.44
7281,5152.60
7283,3221.22
7285,1908.61
7287,4062.41
7289,5842.47
7291,9030.85
7293,7524.17
7295,8791.39
7297,1618.01
7299,8103.20
7301,477.00
7303,7587.65
7305,7777.13
7307,3944.93
7309,2660.58
7311,9701.50
7313,5796.55
7315,3362.02
7317,5649.47
7319,9836.99
7321,9075.78
7323,3191.91
7325,502.54
7327,9257.40
7329,3185.84
7331,7881.60
7333,2895.43
7335,3515.79
7337,541.10
7339,1852.77
7341,8767.16
7343,6621.57
7345,4356.52
7347,5906.31
7349,6084.53
7351,8163.47
7353,319.44
7355,8430.48
7357,7096.01
7359,3281.04
7361,2593.37
7363,5407.87
7365,4106.07
7367,2827.21
7369,1083.02
7371,9954.03
7373,9788.84
7375,7299.84
7377,8814.25
7379,9176.75
7381,4558.53
7383,9150.62
7385,4651.49
7387,8439.66
7389,4610.64
7391,1134.61
7393,8443.11
7395,8922.54
7397,4594.28
7399,9571.19
7401,2866.30
7403,1639.77
7405,3776.84
7407,2581.18
7409,5122.70
7411,8276.26
7413,5421.46
7415,7805.36
7417,4262.14
7419,341.80
7421,691.54
7423,5843.55
7425,8511.59
7427,6085.65
7429,2322.62
7431,3245.57
7433,7299.00
7435,7543.39
7437,2882.54
7439,4808.53
7441,3132.72
7443,827.75
7445,3922.60
7447,150.99
7449,1718.29
7451,8350.01
7453,506.35
7455,6239.69
7457,1520.91
7459,4672.55
7461,6893.47
7463,9079.75
7465,773.02
7467,9016.31
7469,5859.75
7471,3578.15
7473,6033.83
7475,1063.92
7477,8418.88
7479,5405.92
7481,3624.96
7483,4292.99
7485,9973.20
7487,296.26
7489,5838.42
7491,3046.52
7493,8034.97
7495,1421.46
7497,1962.79
7499,2267.42
7501,8032.83
7503,3221.31
7505,7527.81
7507,2262.54
7509,8456.94
7511,2890.34
7513,142.81
7515,9502.24
7517,8905.08
7519,770.44
7521,1570.18
7523,8657.92
7525,1534.31
7527,7912.17
7529,6192.68
7531,9800.35
7533,8612.10
7535,8996.56
7537,4542.02
7539,1594.06
7541,2341.96
7543,8627.97
7545,2545.26
7547,6455.43
7549,9707.77
7551,8838.23
7553,8055.96
7555,1589.32
7557,751.35
7559,8047.59
7561,6475.16
7563,1892.82
7565,6911.77
7567,1399.30
7569,6667.95
7571,2058.36
7573,9343.81
7575,5617.97
7577,3137.72
7579,6038.14
7581,3117.38
7583,4750.02
7585,3461.29
7587,9296.89
7589,8572.59
7591,8968.27
7593,6683.47
7595,5681.63
7597,1210.90
7599,4985.01
7601,6037.68
7603,5790.57
7605,4836.56
7607,5822.21
7609,1443.00
7611,1240.90
7613,5131.78
7615,7420.42
7617,8125.46
7619,2588.86
7621,3523.66
7623,1913.10
7625,6256.56
7627,6786.24
7629,4355.98
7631,1903.11
7633,702.33
7635,8319.18
7637,1095.40
7639,6602.62
7641,9028.21
7643,5955.91
7645,6116.54
7647,6052.87
7649,4840.14
7651,6540.16
7653,2500.20
7655,2733.04
7657,3898.81
7659,1490.16
7661,1841.75
7663,7956.69
7665,4599.77
7667,6356.04
7669,9772.72
7671,8843.85
7673,1602.15
7675,7094.56
7677,9821.17
7679,5035.06
7681,6778.10
7683,5912.80
7685,9391.64
7687,8630.92
7689,5947.50
7691,6660.98
7693,4131.36
7695,5145.41
7697,9738.89
7699,8659.54
7701,7535.51
7703,6745.41
7705,7136.18
7707,1536.90
7709,9605.26
7711,4742.84
7713,271.61
7715,1345.10
7717,9601.76
7719,699.00
7721,1894.03
7723,7874.43
7725,299.91
7727,1980.87
7729,928.41
7731,3485.65
7733,1827.18
7735,3505.41
7737,5376.74
7739,4911.37
7741,4989.49
7743,9487.11
7745,6401.24
7747,6341.17
7749,2014.53
7751,4898.60
7753,7657.19
7755,591.30
7757,9521.14
7759,8875.00
7761,5121.80
7763,8919.93
7765,462.36
7767,5737.90
7769,7507.02
7771,2259.73
7773,4985.44
7775,8853.54
7777,1487.82
7779,7611.50
7781,2096.48
7783,9537.00
7785,8997.59
7787,3328.86
7789,3557.51
7791,4816.71
7793,6634.27
7795,538.24
7797,2338.28
7799,5092.24
7801,3759.03
7803,5789.71
7805,9406.01
7807,5643.29
7809,4711.60
7811,5059.14
7813,8618.84
7815,6214.92
7817,8414.62
7819,2864.13
7821,7703.99
7823,7357.40
7825,8010.29
7827,6967.28
7829,3168.61
7831,2057.73
7833,9079.98
7835,1292.67
7837,9431.35
7839,9128.34
7841,4110.21
7843,3070.91
7845,6364.06
7847,2726.37
7849,707.19
7851,7044.13
7853,109.54
7855,567.13
7857,7489.24
7859,201.48
7861,3269.77
7863,8880.21
7865,7177.51
7867,7669.11
7869,4420.73
7871,724.01
7873,6701.63
7875,4001.61
7877,5459.23
7879,3071.56
7881,3397.18
7883,967.66
7885,2670.78
7887,7547.06
7889,1355.32
7891,2080.20
7893,9838.51
7895,5855.80
7897,3973.61
7899,5217.42
7901,8418.95
7903,530.02
7905,9480.90
7907,3290.17
7909,3442.78
7911,5385.93
7913,2953.25
7915,8883.86
7917,8446.77
7919,7146.98
7921,5450.45
7923,9632.01
7925,4730.89
7927,2118.18
7929,8778.87
7931,2656.80
7933,412.15
7935,3541.80
7937,216.99
7939,8104.80
7941,9199.79
7943,8739.25
7945,7198.53
7947,8530.80
7949,619.22
7951,2994.26
7953,1562.40
7955,269.09
7957,6051.42
7959,2138.06
7961,6914.53
7963,5660.73
7965,103.37
7967,1830.25
7969,8927.27
7971,915.30
7973,9526.16
7975,6574.86
7977,1701.44
7979,3613.43
7981,3341.63
7983,1831.55
7985,3453.02
7987,570.13
7989,7665.72
7991,9875.77
7993,5995.03
7995,1844.79
7997,1665.94
7999,3287.22
8001,5806.71
8003,5207.57
8005,5421.77
8007,9159.47
8009,644.27
8011,2926.53
8013,9711.43
8015,3498.01
8017,7543.49
8019,357.72
8021,8954.37
8023,4491.60
8025,8960.35
8027,2693.55
8029,2021.16
8031,9980.60
8033,7686.57
8035,440.99
8037,451.26
8039,5575.71
8041,5954.02
8043,5880.54
8045,6464.26
8047,1017.15
8049,6758.67
8051,4312.60
8053,9356.96
8055,5641.01
8057,3420.91
8059,7477.76
8061,1844.49
8063,2971.53
8065,8407.76
8067,8750.93
8069,3148.91
8071,6793.12
8073,4032.28
8075,5040.46
8077,2001.33
8079,7544.49
8081,3061.71
8083,4323.19
8085,6204.28
8087,7835.20
8089,8184.25
8091,6986.08
8093,4414.09
8095,6814.98
8097,432.78
8099,458.74
8101,5698.00
8103,6886.79
8105,475.14
8107,660.03
8109,6166.82
8111,9594.96
8113,3487.00
8115,3118.47
8117,4840.63
8119,7076.14
8121,9310.14
8123,6444.01
8125,4907.55
8127,1991.91
8129,6788.49
8131,3701.63
8133,7578.38
8135,8770.72
8137,748.77
8139,856.79
8141,5631.02
8143,9899.76
8145,5541.03
8147,6457.11
8149,4423.52
8151,9951.42
8153,1407.83
8155,6107.40
8157,8921.84
8159,4904.04
8161,9730.97
8163,5460.79
8165,2737.27
8167,1205.73
8169,6533.80
8171,5756.31
8173,8342.01
8175,8791.45
8177,7078.75
8179,4470.72
8181,6964.63
8183,3759.30
8185,3732.73
8187,914.04
8189,2827.64
8191,6593.37
