4098,4301.50
8194,4743.67
4102,4054.44
8198,6590.48
8202,3016.39
4106,6601.26
8206,1742.47
4110,1063.58
4114,3471.40
8210,6009.76
4118,6860.51
8214,8313.48
4122,3193.21
8218,2718.40
4126,4363.25
8222,3637.81
8226,3498.02
4130,7272.85
8230,7348.36
4134,1154.84
8234,8275.42
4138,3131.53
8238,214.22
4142,2807.95
8242,7797.31
4146,1393.57
8246,7961.92
4150,5011.51
8250,5954.64
4154,6246.87
8254,1344.60
4158,8828.17
4162,8632.10
8258,5358.03
4166,5124.02
8262,5382.74
4170,4049.43
8266,4157.31
4174,4084.20
8270,6741.98
4178,133.77
8274,895.47
4182,8960.17
8278,3548.93
4186,9331.69
8282,9309.69
4190,5963.75
8286,6894.44
4194,2755.90
8290,9472.62
4198,9172.50
8294,8141.89
4202,1060.23
8298,1109.33
4206,5038.08
8302,3226.99
4210,2395.74
8306,3431.19
4214,8157.43
8310,6217.61
4218,2886.45
8314,7101.63
4222,2363.66
8318,4019.95
8322,8463.88
4226,9252.89
8326,4257.07
4230,3022.66
8330,7653.38
4234,5140.42
8334,7261.89
4238,8517.29
8338,5736.49
4242,7014.94
8342,5925.24
4246,7965.96
8346,5115.05
4250,5103.85
8350,9852.13
4254,6051.91
8354,742.36
4258,7382.83
8358,3969.67
4262,3683.44
8362,8478.99
4266,6178.00
8366,3281.97
4270,2990.01
8370,9964.44
4274,3299.27
8374,9262.61
4278,2338.50
8378,7152.43
4282,2991.52
8382,4352.06
4286,853.96
8386,2409.82
4290,6524.74
8390,742.06
4294,9027.26
8394,828.70
4298,1014.95
8398,3203.90
4302,833.55
8402,3033.64
4306,3165.77
8406,274.15
4310,3495.86
8410,5146.59
4314,2224.65
8414,6299.04
4318,6339.55
8418,7247.89
4322,1930.35
8422,4962.16
4326,5442.73
8426,6032.45
4330,358.57
8430,2685.01
4334,4020.57
8434,2053.78
4338,8005.85
8438,9047.81
4342,5337.15
8442,9226.09
4346,9892.52
8446,1984.93
4350,3253.73
4354,6463.07
8450,8871.06
4358,2251.25
8454,3090.06
4362,9737.11
8458,7725.80
4366,6901.68
8462,3160.09
4370,1858.36
8466,5604.84
4374,4632.82
8470,6736.93
4378,9324.69
8474,9736.49
4382,2634.01
8478,4132.04
4386,2099.74
8482,793.64
4390,5966.03
8486,7731.52
4394,6309.99
8490,3141.18
4398,8942.59
8494,6630.50
4402,5474.62
8498,283.08
4406,469.27
8502,2652.32
4410,7247.11
8506,7727.23
4414,2931.27
8510,4329.69
4418,2775.20
8514,1214.93
4422,8047.85
8518,8930.59
4426,3698.89
8522,2340.88
4430,8084.51
8526,8125.93
4434,8666.94
8530,3344.83
4438,6661.49
8534,5574.77
4442,2238.36
8538,9883.47
4446,5724.75
8542,4923.77
4450,1731.20
8546,3090.89
4454,2033.27
8550,7931.53
4458,3167.13
8554,2483.10
4462,3132.51
8558,3182.79
4466,5613.17
8562,2150.28
4470,7004.18
8566,6978.58
4474,9042.23
8570,8613.90
4478,9510.69
8574,2348.27
4482,5621.65
8578,5542.74
4486,8145.27
8582,290.72
4490,6962.05
8586,7832.81
4494,840.30
8590,5485.91
4498,2047.12
8594,7598.08
4502,4285.60
8598,486.75
4506,1094.81
8602,6229.21
4510,2820.11
8606,3192.52
4514,2199.78
8610,6260.08
4518,1480.26
8614,7885.47
4522,9982.05
8618,1462.69
4526,214.17
8622,8463.43
4530,5719.38
8626,6642.08
4534,8368.09
8630,1282.92
4538,2488.85
8634,8403.84
4542,5768.70
8638,128.94
4546,3614.08
8642,4257.58
4550,8555.32
8646,8029.68
4554,4841.78
8650,5896.24
4558,8769.34
8654,4434.56
4562,2094.76
8658,869.62
4566,9913.54
8662,9271.77
4570,4310.54
8666,1592.50
4574,4684.07
8670,1323.10
4578,3214.38
8674,5246.33
4582,5750.82
8678,9213.14
4586,2143.52
8682,9872.05
4590,4491.82
8686,6980.96
4594,3737.15
8690,8712.76
4598,2722.01
8694,1416.49
4602,6947.36
8698,1965.46
4606,8457.57
8702,5338.05
4610,9790.40
8706,8610.37
4614,5326.97
8710,3876.18
4618,1662.48
8714,3414.01
4622,9204.33
8718,690.43
4626,8312.03
8722,3057.41
4630,6825.34
8726,6129.55
4634,9073.56
8730,4991.44
4638,9166.77
8734,4196.53
4642,2582.70
8738,9260.61
4646,1915.11
8742,1588.00
4650,4859.86
8746,9070.22
4654,5396.39
8750,4517.39
4658,2224.57
8754,9482.86
4662,7552.92
8758,9883.20
4666,7853.69
8762,3670.26
4670,6567.75
8766,5524.93
4674,6840.85
8770,4234.35
4678,7546.74
8774,2797.46
4682,9504.04
8778,186.20
4686,773.74
8782,9053.77
4690,461.31
8786,7656.91
4694,8945.44
8790,5980.15
4698,2461.98
8794,7659.96
4702,9224.14
8798,745.15
4706,3744.33
8802,3909.95
4710,2755.72
8806,6987.97
4714,894.61
8810,1882.15
4718,1319.81
8814,373.09
4722,9252.60
8818,8017.11
4726,2538.39
8822,6025.77
4730,2982.18
8826,3164.11
4734,3104.88
8830,8705.44
4738,1958.90
8834,976.28
4742,7697.03
8838,8126.91
4746,3493.58
8842,8279.92
4750,6037.78
8846,7034.62
4754,3095.12
8850,7890.62
4758,9087.56
8854,886.14
4762,6750.92
8858,9815.57
4766,5908.51
8862,1947.34
4770,5877.39
8866,2192.06
4774,4013.05
8870,9385.17
4778,3745.25
8874,8016.24
4782,7756.47
8878,2926.15
4786,9983.25
8882,3000.81
4790,3663.36
8886,6779.81
4794,2535.42
8890,4500.17
4798,4064.56
8894,5906.45
4802,312.89
8898,5946.65
4806,6763.08
8902,9263.00
4810,1928.12
8906,6456.12
4814,9809.75
8910,3148.10
4818,5682.78
8914,5670.19
4822,9552.77
8918,6407.35
4826,2827.46
8922,5987.65
4830,4096.42
8926,9684.02
4834,9278.92
8930,5179.72
4838,6681.69
8934,1966.63
4842,4112.54
8938,6542.18
4846,610.77
8942,8048.89
4850,3253.37
8946,902.47
4854,944.99
8950,6436.98
4858,6162.11
8954,1737.02
4862,9384.77
8958,3148.67
4866,5781.95
8962,9956.77
4870,9434.12
8966,2744.19
4874,1956.98
8970,9286.40
4878,4286.70
8974,6307.86
4882,5820.81
8978,8679.07
4886,7623.54
8982,4564.28
4890,9960.74
8986,6254.26
4894,7865.98
8990,2164.33
4898,592.13
8994,5109.96
4902,3123.89
8998,168.20
4906,648.33
9002,5736.03
4910,6992.43
9006,7575.65
4914,6734.31
9010,6562.60
4918,9572.62
9014,9665.84
4922,121.88
9018,6409.32
4926,9861.93
9022,1436.86
4930,5118.59
9026,8360.88
4934,5553.65
9030,175.98
4938,6213.11
9034,4885.86
4942,6441.16
9038,4500.07
4946,1878.83
9042,1683.72
4950,5528.47
9046,2735.25
4954,7775.28
9050,5772.09
4958,7929.09
9054,7880.08
4962,6272.67
9058,866.24
4966,5728.19
9062,6799.43
4970,8010.19
9066,6987.55
4974,1222.02
9070,8469.87
4978,5138.31
9074,5090.08
4982,724.16
9078,2600.75
4986,3813.10
9082,3515.80
4990,9730.67
9086,8809.34
4994,5093.99
9090,1952.27
4998,1586.88
9094,7213.79
5002,7358.20
9098,9649.76
5006,3124.44
9102,9458.38
5010,7359.48
9106,9427.14
5014,4719.79
9110,9617.23
5018,5735.38
9114,8718.91
5022,9669.57
9118,4889.84
5026,3493.72
9122,9280.39
5030,6310.49
9126,8025.25
5034,2707.73
9130,6273.18
5038,8418.41
9134,2059.70
5042,4407.26
9138,7589.86
5046,9237.44
9142,2926.56
5050,1449.65
9146,5389.74
5054,9116.88
9150,2822.16
5058,3623.48
9154,5506.69
5062,6394.20
9158,8017.70
5066,9363.31
9162,1173.15
5070,5084.36
9166,4574.49
5074,8783.20
9170,3229.72
5078,4717.53
9174,5886.13
5082,5815.46
9178,4028.74
5086,8214.02
9182,9047.13
5090,6493.54
9186,2914.77
5094,9112.98
9190,6541.38
1002,377.56
5098,8194.74
9194,7719.51
1006,9663.40
5102,5225.93
9198,993.03
1010,2541.88
5106,4497.77
9202,8801.29
1014,8022.38
5110,799.45
9206,560.24
1018,5367.48
5114,5924.89
9210,7019.53
1022,5215.62
5118,8614.41
9214,6475.21
1026,5705.09
5122,7501.81
9218,7294.91
1030,194.97
5126,7069.80
9222,1147.72
1034,3942.68
5130,740.10
9226,2834.63
1038,5756.60
5134,4469.47
9230,3908.69
1042,9155.04
5138,8029.89
9234,4783.41
1046,2224.32
5142,759.01
9238,3837.82
1050,5568.61
5146,5060.15
9242,5720.90
1054,9573.22
5150,2959.23
9246,8404.30
1058,5960.53
5154,7649.66
9250,2000.88
1062,4356.12
5158,6445.97
9254,973.14
1066,7391.62
5162,1609.71
9258,9537.86
1070,8159.75
5166,9479.32
9262,8062.31
1074,6570.92
5170,3664.14
9266,7306.84
1078,344.27
5174,6733.77
9270,3766.61
1082,4970.62
5178,1141.25
9274,8794.50
1086,3107.02
5182,8979.71
9278,1729.24
1090,8363.00
5186,7524.75
9282,3140.78
1094,7207.23
5190,7828.02
9286,2856.06
1098,7042.37
5194,3656.13
9290,6817.22
1102,4516.63
5198,3600.31
9294,7658.74
1106,9807.92
5202,6107.33
9298,5445.93
1110,4256.81
5206,962.97
9302,7703.61
1114,497.30
5210,7764.57
9306,9943.53
1118,1346.41
5214,351.32
9310,2947.10
1122,5628.88
5218,879.38
9314,542.45
1126,9856.40
5222,7848.69
9318,2929.88
1130,9046.23
5226,4496.83
9322,3971.17
1134,6591.09
5230,8666.60
9326,9416.98
1138,1925.65
5234,421.56
9330,4568.03
1142,9488.64
5238,9551.63
9334,3164.54
1146,7537.32
5242,3769.06
9338,1007.20
1150,7364.91
5246,2012.39
9342,9712.36
1154,1534.48
5250,5890.00
9346,8141.28
1158,7079.83
5254,4059.64
9350,6718.22
1162,744.11
5258,7735.79
9354,1819.55
1166,2284.38
5262,4229.71
9358,280.51
1170,8668.98
5266,3404.93
9362,4310.88
1174,5066.42
5270,9101.03
9366,6283.26
1178,6831.84
5274,4797.81
9370,2669.16
1182,3140.29
5278,2727.37
9374,3679.67
1186,9098.83
5282,8819.46
9378,8481.38
1190,521.82
5286,2186.64
9382,1673.71
1194,6126.73
5290,4810.18
9386,8583.84
1198,1378.29
5294,8013.73
9390,6014.21
1202,4737.95
5298,3337.09
9394,7781.33
1206,8368.61
5302,2251.43
9398,461.28
1210,3304.73
5306,5589.11
9402,1854.94
1214,8589.88
5310,4215.61
9406,8834.86
1218,3548.69
5314,2772.26
9410,6681.57
1222,3562.01
5318,4799.36
9414,910.28
1226,3798.57
5322,7528.42
9418,9119.44
1230,8724.60
5326,3644.21
9422,9659.73
1234,682.16
5330,2591.39
9426,8442.57
1238,7929.39
5334,3828.48
9430,4934.20
1242,1875.06
5338,9116.13
9434,5230.85
1246,6931.35
5342,4904.06
9438,5234.87
1250,4603.00
5346,9304.26
9442,3694.13
1254,8909.06
5350,5868.74
9446,8710.72
1258,941.95
5354,6568.51
9450,1095.32
1262,2056.97
5358,802.45
9454,4949.90
1266,1262.40
5362,3323.63
9458,5315.63
1270,4009.46
5366,1263.41
9462,104.45
1274,5922.41
5370,5708.11
9466,5692.78
1278,5395.58
5374,7870.32
9470,6105.21
1282,7383.88
5378,2760.28
9474,5770.38
1286,1956.17
5382,2587.61
9478,5834.75
1290,8462.35
5386,2264.63
9482,8431.18
1294,5100.84
5390,4464.75
9486,1785.48
1298,7470.80
5394,1616.29
9490,3070.38
1302,4607.41
5398,2516.07
9494,5371.08
1306,2395.43
5402,6248.10
9498,7983.87
1310,5850.38
5406,1403.90
9502,5189.78
1314,8431.91
5410,2745.88
9506,9975.04
1318,2630.31
5414,5136.28
9510,6761.97
1322,7908.46
5418,6166.35
9514,4199.80
1326,4334.55
5422,2203.66
9518,6515.42
1330,9645.63
5426,9214.45
9522,8676.39
1334,1078.82
5430,4358.21
9526,9040.38
1338,8023.28
5434,2433.66
9530,5327.65
1342,1501.35
5438,7882.25
9534,7756.77
1346,4451.37
5442,3147.97
9538,5883.05
1350,2244.43
5446,5584.90
9542,9550.93
1354,5441.26
5450,4872.73
9546,1125.49
1358,5578.17
5454,5076.51
9550,8089.19
1362,3283.91
5458,7258.19
9554,2681.09
1366,1438.04
5462,9443.29
9558,4101.56
1370,3987.22
5466,7028.76
9562,6782.04
1374,5308.35
5470,6497.24
9566,9167.53
1378,7583.39
5474,334.84
9570,7996.34
1382,8428.89
5478,2284.10
9574,6586.52
1386,8903.48
5482,800.60
9578,8190.05
1390,9279.56
5486,3156.25
9582,1152.17
1394,1256.31
5490,9508.96
9586,2272.55
1398,3834.13
5494,5843.37
9590,749.09
1402,1624.31
5498,1988.64
9594,2518.83
1406,5281.93
5502,4269.71
9598,5286.01
1410,1310.98
5506,6967.50
9602,1490.79
1414,5108.21
5510,9247.18
9606,9725.02
1418,843.51
5514,6014.57
9610,9396.52
1422,8365.77
5518,4764.18
9614,7084.68
1426,6006.35
5522,2847.41
9618,8163.51
1430,9414.43
5526,9051.90
9622,7444.02
1434,5852.11
5530,611.38
9626,8015.95
1438,7770.77
5534,5461.78
9630,9186.39
1442,9027.18
5538,3514.12
9634,1040.58
1446,9241.21
5542,4469.46
9638,3687.80
1450,5967.07
5546,4623.76
9642,913.36
1454,7913.07
5550,6351.45
9646,1904.92
1458,1558.07
5554,181.91
9650,5741.18
1462,2714.45
5558,3677.36
9654,4556.89
1466,4992.28
5562,8240.91
9658,726.91
1470,7643.12
5566,5074.31
9662,6820.25
1474,3657.22
5570,7814.83
9666,9075.07
1478,3435.88
5574,8010.38
9670,3070.85
1482,2868.96
5578,6580.03
9674,6054.86
1486,6674.79
5582,1941.01
9678,3313.20
1490,6612.72
5586,8928.24
9682,8828.43
1494,2678.09
5590,4656.96
9686,9524.74
1498,3407.59
5594,3205.10
9690,5810.92
1502,3378.03
5598,6508.60
9694,9189.99
1506,103.13
5602,189.32
9698,6442.06
1510,5253.53
5606,6430.20
9702,8059.29
1514,7715.39
5610,7707.12
9706,5098.37
1518,2442.89
5614,5596.98
9710,4387.25
1522,1523.70
5618,230.07
9714,7478.04
1526,2190.24
5622,7097.81
9718,9900.63
1530,8169.65
5626,1865.39
9722,5886.81
1534,1980.76
5630,8171.10
9726,3350.92
1538,7519.60
5634,7451.62
9730,7519.24
1542,2215.65
5638,8547.22
9734,6812.96
1546,6151.66
5642,2619.61
9738,2388.12
1550,3848.82
5646,5629.37
9742,3504.50
1554,7611.19
5650,4000.11
9746,1644.69
1558,856.25
5654,8700.61
9750,8689.45
1562,3047.08
5658,4690.85
9754,2335.18
1566,7669.00
5662,3581.79
9758,8705.45
1570,5166.85
5666,1613.91
9762,1485.71
1574,9162.85
5670,9477.17
9766,2193.76
1578,5627.70
5674,1334.28
9770,5407.58
1582,6890.76
5678,9208.77
9774,4694.74
1586,7090.61
5682,3614.07
9778,615.90
1590,8669.19
5686,304.19
9782,9138.45
1594,3924.14
5690,3044.13
9786,1107.75
1598,2329.13
5694,7003.29
9790,4851.76
1602,1326.34
5698,7609.88
9794,4272.44
1606,1099.71
5702,1333.35
9798,782.34
1610,5234.49
5706,9954.20
9802,3375.40
1614,8953.01
5710,2361.13
9806,1998.23
1618,2636.24
5714,7925.80
9810,9508.29
1622,6853.98
5718,8695.04
9814,6234.53
1626,1224.80
5722,7964.48
9818,9048.52
1630,8811.22
5726,1255.88
9822,6169.43
1634,5443.43
5730,951.99
9826,2126.51
1638,866.40
5734,7855.45
9830,9567.29
1642,4506.40
5738,8851.79
9834,4199.96
1646,2145.51
5742,4668.48
9838,3769.76
1650,2774.29
5746,9108.53
9842,3324.44
1654,7578.87
5750,5951.24
9846,337.65
1658,7323.22
5754,6084.79
9850,1837.59
1662,9723.78
5758,8677.92
9854,3878.42
1666,6375.11
5762,8851.24
9858,7377.71
1670,6000.41
5766,3815.65
9862,1647.59
1674,2261.16
5770,6685.02
9866,1475.81
1678,929.61
5774,2788.72
9870,7657.62
1682,1625.47
5778,8156.85
9874,4538.69
1686,3256.77
5782,5977.02
9878,5983.57
1690,9855.25
5786,5207.37
9882,3399.24
1694,8585.32
5790,7879.26
9886,9591.85
1698,870.22
5794,9274.53
9890,5773.54
1702,1753.01
5798,745.23
9894,8211.50
1706,4992.99
5802,3278.16
9898,8273.09
1710,8700.51
5806,4617.80
9902,4494.94
1714,4630.09
5810,5107.16
9906,8169.58
1718,2054.58
5814,1928.21
9910,6847.98
1722,2626.38
5818,5195.92
9914,9845.74
1726,2134.16
5822,1256.62
9918,6419.13
1730,7604.03
5826,832.92
9922,6870.74
1734,3598.46
5830,2842.47
9926,935.95
1738,6756.57
5834,8213.47
9930,2101.61
1742,9130.30
5838,8505.25
9934,3707.26
1746,8907.64
5842,6643.90
9938,3776.61
1750,788.21
5846,7675.47
9942,3974.32
1754,7686.84
5850,2959.01
9946,1092.48
1758,5308.40
5854,8465.41
9950,5361.40
1762,4263.07
5858,6271.76
9954,8098.53
1766,9836.77
5862,8898.77
9958,2784.85
1770,6480.25
5866,7160.19
9962,9083.01
1774,3337.32
5870,844.49
9966,4573.84
1778,3019.95
5874,2349.33
9970,8065.19
1782,8910.64
5878,3321.36
9974,4367.34
1786,2584.48
5882,743.47
9978,3485.55
1790,1645.16
5886,2816.07
9982,2950.09
1794,624.18
5890,2387.69
9986,7341.24
1798,4581.12
5894,7701.10
9990,6925.86
1802,266.99
5898,3220.81
9994,5583.16
1806,9957.67
5902,5383.21
9998,5865.84
1810,3700.14
5906,7125.29
10002,1003.37
1814,9238.30
5910,4816.71
10006,1169.20
1818,2901.67
5914,7597.63
10010,2288.03
1822,1559.36
5918,7705.04
10014,271.84
1826,337.31
5922,6969.47
10018,1899.36
1830,1415.76
5926,5515.62
10022,5475.65
1834,3293.69
5930,4470.81
10026,9007.38
1838,3285.55
5934,7639.81
10030,2690.68
1842,2095.12
5938,7703.33
10034,4653.81
1846,725.93
5942,3393.55
10038,4317.90
1850,2407.52
5946,1507.38
10042,9029.06
1854,693.85
5950,9834.00
10046,8023.76
1858,7031.02
5954,8261.54
10050,9292.15
1862,6341.57
5958,6699.77
10054,7749.85
1866,527.92
5962,7567.06
10058,6122.97
1870,8050.95
5966,7750.04
10062,9346.05
1874,8621.40
5970,5942.07
10066,5250.94
1878,9063.48
5974,5895.14
10070,5249.96
1882,225.79
5978,842.10
10074,5521.04
1886,8405.42
5982,5089.21
10078,4064.22
1890,8385.95
5986,8113.79
10082,9192.22
1894,5203.30
5990,2202.51
10086,4161.87
1898,9017.13
5994,5204.61
10090,9335.62
1902,8841.86
5998,5704.35
10094,676.69
1906,535.36
6002,1208.43
10098,6976.75
1910,8431.37
6006,2342.96
10102,5990.99
1914,6232.30
6010,5838.07
10106,1582.27
1918,9727.30
6014,7184.32
10110,772.05
1922,6620.88
6018,9547.18
10114,7442.71
1926,377.65
6022,2897.15
10118,7976.64
1930,991.61
6026,4468.99
10122,4612.94
1934,3428.35
6030,1524.14
10126,836.99
1938,4429.83
6034,3142.84
10130,6870.91
1942,987.06
6038,6239.80
10134,8237.32
1946,9975.47
6042,9203.77
10138,4682.35
1950,2880.78
6046,2497.46
10142,7647.46
1954,105.76
6050,601.85
10146,8479.97
1958,7074.37
6054,4034.26
10150,2783.85
1962,5846.09
6058,609.66
10154,7742.11
1966,2672.45
6062,7925.53
10158,417.55
1970,4778.59
6066,8074.34
10162,4158.05
1974,6211.94
6070,2025.99
10166,1537.08
1978,3663.28
6074,2142.76
10170,3773.89
1982,9489.51
6078,899.67
10174,9348.99
1986,6245.33
6082,6663.35
10178,9684.05
1990,4994.21
6086,3732.66
10182,5155.30
1994,2497.63
6090,3315.61
10186,8455.72
1998,961.38
6094,9327.54
10190,8341.33
2002,2404.42
6098,3632.14
10194,6838.39
2006,6761.51
6102,1595.20
10198,3208.40
2010,4194.47
6106,9150.89
10202,6190.29
2014,5434.61
6110,9749.70
10206,5692.21
2018,3037.86
6114,3501.25
10210,7245.04
2022,1252.23
6118,6992.28
10214,1345.26
2026,6542.16
6122,9694.43
10218,2810.73
2030,3044.18
6126,3882.18
10222,4256.92
2034,6461.42
6130,6267.29
10226,1346.79
2038,2300.68
6134,5859.61
10230,5180.68
2042,458.48
6138,9695.92
10234,2544.23
2046,3027.01
6142,7466.06
10238,2764.63
2050,9334.46
6146,5792.50
10242,1728.75
2054,982.41
6150,4623.38
10246,1660.63
2058,5382.88
6154,5985.51
10250,8493.81
2062,8418.98
6158,1192.82
10254,4670.24
2066,7305.11
6162,3550.80
10258,7913.40
2070,4551.20
6166,5287.00
10262,3581.45
2074,7595.44
6170,9255.64
10266,1118.17
2078,562.54
6174,5581.56
10270,3399.99
2082,5121.87
6178,2661.53
10274,8445.24
2086,5540.11
6182,2823.76
10278,1487.96
2090,6271.70
6186,2397.52
10282,406.68
2094,1154.98
6190,6297.56
10286,7417.28
2098,9877.42
6194,3612.38
10290,3926.97
2102,699.33
6198,6129.95
10294,8043.41
2106,2069.72
6202,6036.87
10298,390.60
2110,4107.55
6206,3397.19
10302,3606.49
2114,2699.97
6210,9618.92
10306,7697.37
2118,6324.31
6214,9348.29
10310,2881.72
2122,4327.40
6218,9410.16
10314,3069.45
2126,386.46
6222,6188.96
10318,1523.47
2130,7918.69
6226,9980.86
10322,4854.13
2134,4374.40
6230,4137.53
10326,3992.56
2138,9954.40
6234,8315.44
10330,9852.60
2142,9130.41
6238,5342.57
10334,899.32
2146,5298.87
6242,8448.08
10338,4661.38
2150,9545.03
6246,3202.55
10342,9685.80
2154,5352.69
6250,414.39
10346,1694.84
2158,1501.70
6254,3975.31
10350,3858.48
2162,9627.54
6258,1969.54
10354,4007.65
2166,5868.54
6262,2855.59
10358,6073.92
2170,2246.65
6266,7754.57
10362,8149.53
2174,4960.92
6270,6669.78
10366,3852.37
2178,775.26
6274,8981.37
10370,276.12
2182,8784.60
6278,285.20
10374,915.36
2186,8169.86
6282,7979.68
10378,7967.61
2190,229.55
6286,2750.23
10382,2608.55
2194,7921.72
6290,9025.83
10386,212.23
2198,5616.28
6294,2845.05
10390,7068.41
2202,5914.76
6298,8250.89
10394,524.94
2206,7194.87
6302,5554.51
10398,7228.54
2210,5073.44
6306,6243.79
10402,4357.36
2214,1483.77
6310,2484.36
10406,9138.19
2218,1734.46
6314,6730.15
10410,8220.98
2222,6011.90
6318,3461.00
10414,7792.00
2226,1829.75
6322,5619.97
10418,503.48
2230,7737.25
6326,1050.19
10422,9616.32
2234,4594.30
6330,8285.14
10426,4727.61
2238,837.25
6334,5656.02
10430,4621.11
2242,9551.91
6338,535.82
10434,5526.37
2246,2534.65
6342,3446.48
10438,611.35
2250,8053.37
6346,7998.82
10442,8341.30
2254,6780.96
6350,722.91
10446,3007.75
2258,2588.17
6354,5724.77
10450,8414.90
2262,3621.91
6358,8553.71
10454,9191.82
2266,1098.23
6362,6400.47
10458,2266.87
2270,2175.96
6366,2380.27
10462,4418.70
2274,3074.36
6370,8547.16
10466,6580.68
2278,9455.75
6374,4172.36
10470,4552.22
2282,7142.30
6378,3439.33
10474,506.70
2286,4357.29
6382,8172.24
10478,4162.70
2290,9620.55
6386,5980.38
10482,524.42
2294,1586.36
6390,4962.89
10486,4652.38
2298,3750.42
6394,3986.13
10490,5992.34
2302,5425.25
6398,8461.31
10494,7549.34
2306,9982.55
6402,759.76
10498,7957.57
2310,6655.71
6406,8107.45
10502,9749.12
2314,9195.53
6410,2789.39
10506,7664.32
2318,8461.13
6414,9200.97
10510,6102.48
2322,7312.07
6418,9343.16
10514,5859.23
2326,4225.38
6422,5110.55
10518,5507.60
2330,4136.49
6426,1479.83
10522,9183.85
2334,8513.86
6430,9063.64
10526,7279.95
2338,9192.39
6434,5839.71
10530,7406.49
2342,5512.85
6438,7742.75
10534,4149.25
2346,584.96
6442,7544.58
10538,6729.36
2350,9914.29
6446,653.38
10542,5489.10
2354,9282.44
6450,7595.01
10546,5446.81
2358,1287.89
6454,8692.72
10550,3778.11
2362,5596.55
6458,3677.99
10554,3672.24
2366,8205.21
6462,4809.84
10558,1509.98
2370,866.70
6466,5310.65
10562,7780.96
2374,1925.84
6470,2439.55
10566,3380.83
2378,6374.44
6474,2963.85
10570,4601.47
2382,4201.38
6478,6416.16
10574,184.12
2386,9298.83
6482,9841.89
10578,6839.99
2390,4665.90
6486,1467.64
10582,826.95
2394,3445.54
6490,7228.17
10586,4326.48
2398,4631.36
6494,9462.51
10590,5215.83
2402,5924.70
6498,1712.96
10594,3921.68
2406,2701.34
6502,8491.29
10598,4664.13
2410,4224.22
6506,6408.10
10602,9646.20
2414,4424.70
6510,925.32
10606,474.86
2418,496.76
6514,9594.50
10610,2872.62
2422,6547.26
6518,2970.36
10614,1048.55
2426,8375.41
6522,7339.65
10618,2580.52
2430,4120.10
6526,9415.54
10622,4201.53
2434,8850.87
6530,5143.22
10626,8195.70
2438,9041.97
6534,3160.25
10630,7809.55
2442,5234.74
6538,3653.37
10634,9349.72
2446,8881.62
6542,5881.43
10638,991.82
2450,8797.46
6546,5150.45
10642,5729.60
2454,6144.21
6550,1288.38
10646,7888.28
2458,4762.76
6554,6374.58
10650,6185.86
2462,5653.30
6558,5313.24
10654,6016.06
2466,9748.98
6562,7886.99
10658,5951.48
2470,2773.01
6566,848.96
10662,6035.17
2474,563.38
6570,7086.76
10666,1185.51
2478,3808.73
6574,3091.53
10670,8157.65
2482,2892.03
6578,5780.04
10674,2706.20
2486,5315.78
6582,7489.88
10678,6835.13
2490,3585.55
6586,8931.90
10682,6486.89
2494,6952.73
6590,716.24
10686,793.32
2498,6334.38
6594,6237.73
10690,7018.71
2502,1148.44
6598,5077.16
10694,9738.33
2506,9804.40
6602,2146.47
10698,5839.50
2510,8746.70
6606,8771.64
10702,4451.64
2514,8916.40
6610,500.12
10706,4029.21
2518,1163.80
6614,5323.60
10710,9507.80
2522,4087.60
6618,6259.14
10714,9209.62
2526,4983.03
6622,8480.52
10718,8392.65
2530,1660.01
6626,7033.23
10722,335.65
2534,4114.91
6630,301.29
10726,4612.26
2538,8602.89
6634,1702.49
10730,8862.91
2542,1281.90
6638,4725.60
10734,8947.94
2546,2023.77
6642,1474.99
10738,7421.22
2550,200.64
6646,2657.15
10742,9648.42
2554,5738.92
6650,4888.13
10746,2410.05
2558,1731.85
6654,4846.18
10750,6990.97
2562,5630.14
6658,1398.61
10754,9597.82
2566,314.66
6662,8366.61
10758,2345.55
2570,8271.56
6666,9927.16
10762,3161.28
2574,5106.94
6670,5342.82
10766,5827.79
2578,3290.07
6674,7774.04
10770,6707.36
2582,6194.78
6678,5071.65
10774,506.78
2586,6053.82
6682,1896.85
10778,7842.99
2590,4972.38
6686,6662.31
10782,8324.94
2594,3742.13
6690,1622.14
10786,4123.61
2598,397.13
6694,5638.63
10790,6732.10
2602,7661.07
6698,1265.75
10794,4366.75
2606,3069.62
6702,2362.70
10798,4372.41
2610,6758.89
6706,7896.24
10802,5150.14
2614,6906.28
6710,7194.62
10806,2448.94
2618,2717.62
6714,6159.83
10810,8450.50
2622,779.25
6718,1841.55
10814,506.34
2626,8332.33
6722,7601.69
10818,4552.13
2630,8671.28
6726,5287.65
10822,6445.15
2634,7742.09
6730,2340.31
10826,1261.69
2638,9157.82
6734,4860.28
10830,4452.56
2642,6584.33
6738,4290.45
10834,8706.87
2646,2275.59
6742,372.44
10838,659.64
2650,6424.86
6746,7970.11
10842,4663.92
2654,7820.32
6750,8525.89
10846,7820.46
2658,8716.56
6754,3150.08
10850,8232.36
2662,775.78
6758,3762.61
10854,9409.24
2666,7442.54
6762,7786.48
10858,4380.75
2670,5918.21
6766,5965.27
10862,1005.42
2674,9412.13
6770,8551.79
10866,8845.16
2678,2505.31
6774,8740.64
10870,5952.01
2682,9000.06
6778,9347.64
10874,340.06
2686,6945.48
6782,6749.46
10878,9237.98
2690,4624.55
6786,2033.90
10882,1338.66
2694,4439.92
6790,774.74
10886,5311.12
2698,6215.47
6794,2666.01
10890,6769.94
2702,9803.41
6798,5084.60
10894,1349.19
2706,2439.70
6802,3214.47
10898,1510.53
2710,5431.11
6806,8456.55
10902,4081.32
2714,9609.79
6810,9918.34
10906,4534.40
2718,6762.27
6814,1718.94
10910,1537.38
2722,126.23
6818,5951.28
10914,8467.06
2726,6221.46
6822,6892.14
10918,6058.31
2730,3192.67
6826,8183.16
10922,2523.11
2734,1087.01
6830,9175.78
10926,6078.09
2738,2454.59
6834,7508.36
10930,2548.16
2742,9182.48
6838,5418.56
10934,2224.96
2746,3766.65
6842,2923.39
10938,2153.26
2750,690.46
6846,3581.62
10942,5508.20
2754,2748.80
6850,7114.50
10946,7060.81
2758,1915.92
6854,2914.08
10950,4467.69
2762,2848.59
6858,9585.84
10954,3290.59
2766,7210.04
6862,8502.14
10958,8767.08
2770,5371.91
6866,255.25
10962,5410.63
2774,1433.07
6870,8161.19
10966,8391.67
2778,1775.62
6874,2629.74
10970,2144.10
2782,2203.65
6878,2771.21
10974,4024.86
2786,9152.58
6882,9254.22
10978,4109.18
2790,1028.32
6886,9430.39
10982,9644.94
2794,4933.80
6890,8744.61
10986,6835.72
2798,4427.50
6894,6694.43
10990,5116.54
2802,9777.30
6898,5798.65
10994,8654.58
2806,8413.09
6902,8349.08
10998,380.17
2810,1321.89
6906,8348.76
2814,2371.57
6910,9056.94
2818,6877.51
6914,5568.77
2822,766.98
6918,1230.01
2826,9718.38
6922,8287.44
2830,4507.19
6926,6537.29
2834,8412.63
6930,9411.16
2838,6398.85
6934,3412.92
2842,7906.27
6938,7740.99
2846,5783.57
6942,8303.21
2850,6495.99
6946,1746.64
2854,1435.76
6950,2718.15
2858,4521.80
6954,8977.02
2862,2680.41
6958,1565.84
2866,8832.49
6962,8986.29
2870,6384.17
6966,4287.36
2874,5257.15
6970,1670.60
2878,9843.34
6974,5287.65
2882,3722.22
6978,6763.57
2886,8474.51
6982,2880.55
2890,4286.75
6986,4493.02
2894,4324.52
6990,8414.07
2898,4531.80
6994,4627.35
2902,2011.04
6998,1558.23
2906,7630.01
7002,9101.24
2910,4642.00
7006,7974.51
2914,561.76
7010,7200.58
2918,2991.43
7014,3481.77
2922,7432.28
7018,1330.06
2926,8606.30
7022,6184.82
2930,5052.79
7026,9829.85
2934,5860.45
7030,3287.73
2938,8940.55
7034,6388.76
2942,4506.93
7038,6055.81
2946,2849.90
7042,870.07
2950,9197.66
7046,5079.74
2954,8740.08
7050,7172.29
2958,8487.16
7054,1487.88
2962,2336.35
7058,8871.33
2966,9333.31
7062,8872.23
2970,3606.85
7066,8708.51
2974,6275.78
7070,8779.52
2978,3842.28
7074,2921.56
2982,8958.33
7078,1363.28
2986,1217.33
7082,6152.62
2990,5165.32
7086,2410.23
2994,4888.12
7090,8251.06
2998,7058.62
7094,3987.62
3002,890.62
7098,6347.94
3006,9241.52
7102,9636.17
3010,2048.58
7106,1597.75
3014,5278.30
7110,6386.56
3018,9396.76
7114,2676.60
3022,2237.21
7118,1751.97
3026,800.16
7122,4788.35
3030,2173.69
7126,8962.75
3034,4731.21
7130,7393.58
3038,367.11
7134,3279.88
3042,1569.52
7138,6421.40
3046,5317.14
7142,2450.56
3050,9865.33
7146,4857.00
3054,5391.27
7150,698.70
3058,1738.63
7154,6176.00
3062,9997.69
7158,7882.62
3066,5329.59
7162,2966.36
3070,271.72
7166,2855.74
3074,5369.00
7170,7019.58
3078,3545.21
7174,7269.91
3082,889.74
7178,4534.93
3086,4238.15
7182,3054.68
3090,4845.67
7186,115.05
3094,8052.03
7190,4089.04
3098,5387.01
7194,9548.87
3102,1942.59
7198,7722.50
3106,3002.17
7202,3873.04
3110,3671.96
7206,6861.74
3114,5154.04
7210,9007.19
3118,5161.63
7214,3813.90
3122,2879.96
7218,9341.72
3126,3082.25
7222,1869.52
3130,1732.61
7226,4284.44
3134,7212.70
7230,4236.20
3138,8558.26
7234,4458.57
3142,2131.84
7238,6099.99
3146,8071.25
7242,7621.19
3150,7425.70
7246,6936.30
3154,7288.93
7250,6487.68
3158,6694.90
7254,4574.97
3162,809.12
7258,2589.96
3166,1001.65
7262,1243.87
3170,1918.59
7266,4927.27
3174,4328.33
7270,7491.65
3178,8484.83
7274,2302.02
3182,8892.88
7278,2560.10
3186,6912.66
7282,1159.95
3190,949.01
7286,2834.93
3194,4052.96
7290,7272.39
3198,3346.55
7294,6523.69
3202,8780.78
7298,2395.10
3206,4848.11
7302,724.31
3210,6381.15
7306,4194.69
3214,7880.99
7310,5711.01
3218,7832.08
7314,2945.11
3222,8400.52
7318,3534.26
3226,1588.52
7322,7271.78
3230,5203.43
7326,2809.81
3234,3267.39
7330,8172.12
3238,1033.85
7334,7160.65
3242,2894.80
7338,6453.49
3246,589.35
7342,8099.38
3250,812.82
7346,5440.03
3254,8292.52
7350,203.66
3258,5712.32
7354,5283.44
3262,7204.24
7358,2657.41
3266,1462.92
7362,6172.35
3270,9473.98
7366,9793.73
3274,3763.40
7370,4151.93
3278,2362.44
7374,2495.13
3282,6702.54
7378,6049.78
3286,4674.18
7382,4642.52
3290,7839.43
7386,1959.28
3294,6291.23
7390,6085.25
3298,1256.50
7394,1344.62
3302,7697.07
7398,205.95
3306,686.01
7402,6626.80
3310,6850.18
7406,7126.17
3314,6441.55
7410,2827.65
3318,4811.06
7414,9860.77
3322,674.26
7418,2531.97
3326,2927.69
7422,5810.73
3330,8985.80
7426,2248.62
3334,5073.88
7430,6781.47
3338,2579.11
7434,1989.78
3342,7104.50
7438,5710.45
3346,1216.67
7442,8751.57
3350,7394.51
7446,2518.81
3354,9623.88
7450,6561.71
3358,1528.98
7454,9517.96
3362,9817.87
7458,4054.81
3366,6944.62
7462,2651.06
3370,8330.72
7466,6556.95
3374,8849.13
7470,4751.60
3378,574.86
7474,4176.92
3382,3577.75
7478,273.52
3386,7482.24
7482,4175.41
3390,2699.75
7486,4433.21
3394,1851.01
7490,2198.67
3398,1301.09
7494,744.10
3402,9838.77
7498,6972.31
3406,7410.65
7502,5516.41
3410,1878.14
7506,3963.50
3414,6236.41
7510,7748.64
3418,6025.83
7514,2921.15
3422,9709.51
7518,2288.51
3426,4568.77
7522,8124.36
3430,9692.78
7526,8954.34
3434,8825.41
7530,4639.49
3438,2328.39
7534,4503.23
3442,6402.52
7538,6002.16
3446,5892.03
7542,7236.28
3450,9023.93
7546,254.83
3454,3000.33
7550,8627.27
3458,368.49
7554,9322.28
3462,7089.73
7558,7918.85
3466,9187.48
7562,5324.03
3470,4807.97
7566,5671.75
3474,5972.27
7570,9862.84
3478,6726.71
7574,5593.19
3482,9499.68
7578,2442.34
3486,8067.54
7582,4588.30
3490,4066.02
7586,3486.10
3494,2476.58
7590,9897.26
3498,3622.94
7594,6691.17
3502,3403.20
7598,9738.63
3506,7740.98
7602,6855.86
3510,2786.09
7606,420.90
3514,6804.73
7610,3383.12
3518,3598.58
7614,4829.62
3522,9132.96
7618,2085.51
3526,8590.91
7622,7058.11
3530,9865.89
7626,7670.07
3534,391.68
7630,8018.21
3538,4654.60
7634,4818.13
3542,1501.76
7638,3227.85
3546,9286.38
7642,7706.55
3550,474.06
7646,3144.67
3554,1573.92
7650,8331.89
3558,9697.27
7654,2887.19
3562,255.58
7658,1929.07
3566,8572.80
7662,1294.49
3570,1089.72
7666,1851.97
3574,6640.66
7670,3395.99
3578,2516.37
7674,6947.90
3582,3531.85
7678,2766.20
3586,7370.87
7682,330.76
3590,9975.68
7686,7008.09
3594,5012.95
7690,4393.41
3598,3814.65
7694,6140.34
3602,4294.12
7698,5780.46
3606,7894.22
7702,9625.95
3610,4533.20
7706,8374.64
3614,9955.24
7710,9008.63
3618,8991.64
7714,9480.94
3622,1783.14
7718,3145.07
3626,3782.60
7722,2958.91
3630,8522.62
7726,9682.26
3634,7153.42
7730,8983.67
3638,6513.94
7734,5495.31
3642,1663.60
7738,4173.76
3646,249.15
7742,9116.97
3650,1000.43
7746,9077.42
3654,4490.30
7750,310.95
3658,4319.04
7754,6978.93
3662,2953.89
7758,6439.88
3666,220.16
7762,6791.65
3670,7548.09
7766,1881.73
3674,3603.24
7770,1312.65
3678,6870.49
7774,9021.94
3682,4852.97
7778,506.80
3686,3201.34
7782,9433.26
3690,6132.23
7786,7562.27
3694,6006.07
7790,2753.56
3698,3690.82
7794,9224.48
3702,4938.48
7798,8969.45
3706,2168.91
7802,9090.74
3710,5440.03
7806,9042.03
3714,2666.43
7810,4658.49
3718,4441.45
7814,2001.88
3722,209.03
7818,786.28
3726,1881.40
7822,8794.93
3730,875.87
7826,9389.89
3734,2589.69
7830,8340.03
3738,9863.12
7834,1838.73
3742,1006.35
7838,8243.85
3746,7904.54
7842,3247.95
3750,4673.63
7846,4833.81
3754,2733.29
7850,947.17
3758,5357.41
7854,2848.44
3762,7980.14
7858,7836.23
3766,6190.56
7862,2730.23
3770,177.11
7866,3350.85
3774,9966.64
7870,1431.65
3778,5722.27
7874,2901.04
3782,1698.86
7878,7367.85
3786,2661.59
7882,4723.59
3790,5116.55
7886,5514.02
3794,642.79
7890,3250.99
3798,9155.16
7894,9651.27
3802,5358.07
7898,9854.12
3806,6431.09
7902,913.97
3810,3755.66
7906,4181.85
3814,6011.97
7910,8337.59
3818,8550.96
7914,4453.59
3822,5339.16
7918,7389.33
3826,1880.88
7922,1041.98
3830,1005.63
7926,2470.18
3834,5070.49
7930,3075.82
3838,9373.86
7934,3216.40
3842,1122.24
7938,5888.35
3846,7393.12
7942,3221.16
3850,6916.69
7946,7929.15
3854,8247.56
7950,7178.55
3858,4212.47
7954,4506.41
3862,3900.41
7958,9835.98
3866,6990.90
7962,3865.65
3870,7301.68
7966,2336.27
3874,9498.48
7970,8473.24
3878,8319.49
7974,6511.00
3882,295.69
7978,1448.90
3886,511.46
7982,5113.61
3890,8917.09
7986,6181.52
3894,9751.76
7990,9399.20
3898,4770.05
7994,9312.30
3902,1915.24
7998,2985.11
3906,4233.02
8002,478.04
3910,5058.78
8006,5113.36
3914,8947.27
8010,3112.59
3918,5315.53
8014,9544.21
3922,1234.98
8018,2726.29
3926,237.72
8022,3191.94
3930,3799.84
8026,5660.44
3934,2418.30
8030,9205.71
3938,814.11
8034,5855.46
3942,8618.94
8038,5196.10
3946,3586.59
8042,4738.58
3950,9923.43
8046,6803.55
3954,8095.64
8050,7495.24
3958,3369.45
8054,7626.74
3962,7103.12
8058,1078.01
3966,9367.51
8062,6409.11
3970,8408.57
8066,4956.50
3974,9352.62
8070,4786.30
3978,5072.36
8074,6530.72
3982,6449.74
8078,4621.91
3986,8828.92
8082,1845.32
3990,5713.36
8086,7752.32
3994,7702.91
8090,3661.07
3998,1828.17
8094,199.34
4002,2050.37
8098,4297.65
4006,4828.00
8102,9371.17
4010,1306.38
8106,4715.17
4014,1102.41
8110,327.26
4018,6862.98
8114,5910.95
4022,657.28
8118,8840.88
4026,7297.30
8122,9077.18
4030,9356.34
8126,3803.13
4034,1895.76
8130,2886.96
4038,1544.71
8134,788.79
4042,1671.90
8138,1236.84
4046,8433.37
8142,874.24
4050,8963.16
8146,6805.13
4054,8044.16
8150,173.47
4058,5669.01
8154,2905.30
4062,4997.47
8158,8932.43
4066,4772.40
8162,3287.61
4070,1322.15
8166,9034.49
4074,6898.20
8170,3669.64
4078,6938.75
8174,8496.66
4082,2317.62
8178,6982.32
4086,9959.26
8182,7425.70
4090,3280.51
8186,2094.92
4094,6785.67
8190,1109.71
