8194,634.27
8197,2999.40
8200,4165.90
8203,9157.38
8206,9500.35
8209,4122.46
8212,7044.27
8215,8751.44
8218,5593.57
8221,4815.83
8224,9043.44
8227,8947.49
8230,1519.37
8233,2518.75
8236,6112.65
8239,6753.37
8242,5991.14
8245,2749.91
8248,1083.93
8251,260.58
8254,3189.27
8257,7763.25
8260,8775.33
8263,706.30
8266,3593.81
8269,7666.15
8272,6862.88
8275,2480.71
8278,7244.97
8281,4164.93
8284,4084.87
8287,8971.22
8290,3011.39
8293,2408.71
8296,7884.29
8299,9736.90
8302,3200.61
8305,1007.11
8308,2512.74
8311,8467.54
8314,3433.56
8317,3767.50
8320,5045.49
8323,1583.59
8326,3232.13
8329,5148.79
8332,3683.22
8335,103.21
8338,8208.60
8341,8931.71
8344,4220.79
8347,2962.77
8350,4545.81
8353,7717.57
8356,2195.14
8359,4567.68
8362,4901.36
8365,6875.22
8368,3557.92
8371,4899.06
8374,507.26
8377,9731.08
8380,6409.31
8383,1719.45
8386,7720.50
8389,874.48
8392,8707.99
8395,8131.16
8398,479.99
8401,7009.89
8404,6887.19
8407,6678.31
8410,2646.50
8413,7100.14
8416,3083.94
8419,1318.25
8422,9562.32
8425,7816.53
8428,6761.65
8431,136.99
8434,9908.10
8437,8498.76
8440,9545.09
8443,4637.63
8446,2594.49
8449,7852.73
8452,2609.81
8455,7929.62
8458,3964.18
8461,6600.69
8464,655.62
8467,8509.46
8470,9666.43
8473,5944.53
8476,6782.75
8479,3244.80
8482,673.20
8485,9457.62
8488,9144.40
8491,2028.44
8494,1187.81
8497,3386.20
8500,6445.36
8503,7511.96
8506,266.01
8509,767.26
8512,1501.41
8515,8901.83
8518,3717.62
8521,1368.02
8524,5807.64
8527,3649.38
8530,6242.10
8533,9461.64
8536,1191.76
8539,6291.56
8542,4111.93
8545,8243.32
8548,2852.79
8551,5850.47
8554,3424.34
8557,4682.92
8560,5340.85
8563,9625.67
8566,2744.06
8569,5089.08
8572,1316.71
8575,8861.46
8578,6366.35
8581,6708.18
8584,141.20
8587,2765.29
8590,2844.84
8593,409.47
8596,1268.68
8599,548.90
8602,5933.78
8605,7937.41
8608,9206.53
8611,7736.15
8614,9139.14
8617,4260.22
8620,2154.88
8623,2856.61
8626,7051.87
8629,3033.68
8632,2159.18
8635,8101.21
8638,9601.18
8641,2859.73
8644,2216.62
8647,4344.09
8650,4048.13
8653,4810.69
8656,7636.30
8659,5425.97
8662,2861.40
8665,9407.00
8668,5063.71
8671,6411.20
8674,275.16
8677,8928.00
8680,7975.79
8683,4957.29
8686,9514.07
8689,3585.02
8692,5887.75
8695,4239.56
8698,7139.73
8701,1830.02
8704,2247.17
8707,6371.53
8710,4091.05
8713,7181.80
8716,6398.08
8719,9193.64
8722,4652.62
8725,1174.27
8728,971.56
8731,9673.41
8734,7851.94
8737,7146.20
8740,3702.34
8743,6614.62
8746,4054.35
8749,3205.53
8752,2490.86
8755,5625.67
8758,4121.28
8761,5971.87
8764,5474.84
8767,5665.16
8770,4282.43
8773,6514.84
8776,5595.23
8779,3184.48
8782,3454.51
8785,1511.43
8788,4461.44
8791,3591.66
8794,3040.99
8797,7005.91
8800,1554.30
8803,1059.66
8806,4025.42
8809,5602.74
8812,6689.96
8815,3922.54
8818,8179.63
8821,7713.04
8824,1623.20
8827,3803.63
8830,2319.97
8833,4544.65
8836,6274.70
8839,1141.15
8842,295.80
8845,4903.13
8848,1183.22
8851,1751.51
8854,7688.01
8857,4232.48
8860,893.95
8863,2896.41
8866,9695.68
8869,6432.35
8872,1858.84
8875,8704.63
8878,7706.13
8881,2019.76
8884,6892.75
8887,2345.95
8890,2962.06
8893,9349.36
8896,8462.90
8899,3678.51
8902,8605.88
8905,6151.62
8908,9840.52
8911,7353.11
8914,2345.34
8917,2650.30
8920,5464.65
8923,6413.04
8926,202.79
8929,6068.10
8932,4234.64
8935,96.22
8938,1080.84
8941,6072.64
8944,4696.26
8947,1704.86
8950,9360.81
8953,3124.56
8956,4280.37
8959,3128.20
8962,6048.50
8965,475.86
8968,2355.66
8971,4012.56
8974,8445.84
8977,5493.88
8980,5887.47
8983,7084.57
8986,6392.51
8989,1368.07
8992,8248.80
8995,4993.15
8998,178.76
9001,1468.49
9004,8499.53
9007,9669.96
9010,8019.50
9013,9775.99
9016,2623.58
9019,4815.23
9022,4226.98
9025,8505.68
9028,7246.03
9031,7494.73
9034,5991.02
9037,5527.94
9040,1568.03
9043,3951.55
9046,5443.57
9049,1302.80
9052,5173.60
9055,453.80
9058,7935.52
9061,8075.39
9064,969.34
9067,1476.74
9070,831.76
9073,8990.19
9076,8721.12
9079,2153.71
9082,2837.70
9085,2596.92
9088,8441.96
9091,5823.41
9094,4758.26
9097,5901.85
9100,1527.66
9103,673.63
9106,9186.66
9109,2395.04
9112,8609.84
9115,1154.57
9118,5073.60
9121,2207.92
9124,4855.60
9127,9666.97
9130,5522.03
9133,620.15
9136,8610.78
9139,835.69
9142,1059.12
9145,4221.09
9148,3698.79
9151,3219.74
9154,2159.22
9157,9513.15
9160,9111.33
9163,231.20
9166,7056.66
9169,8164.35
9172,6542.13
9175,4964.14
9178,871.58
9181,6684.82
9184,5871.04
9187,5226.78
9190,5272.97
1000,10095.11
9193,662.12
1003,9534.58
9196,9299.29
1006,2794.32
9199,3659.91
1009,7803.27
9202,2941.89
1012,1377.31
9205,5780.17
1015,6766.12
9208,6923.68
1018,1270.13
9211,6532.22
1021,4902.90
9214,1516.66
1024,3993.05
9217,3203.89
1027,5981.34
9220,8837.79
1030,6012.50
9223,7481.47
1033,9134.11
9226,3979.66
1036,3173.62
9229,1994.99
1039,432.19
9232,8140.67
1042,2542.75
9235,7440.35
1045,1400.56
9238,1841.43
1048,6788.00
9241,6248.26
1051,9764.26
9244,7035.06
1054,8728.40
9247,673.68
1057,5450.20
9250,8775.95
1060,4310.27
9253,7113.12
1063,5857.29
9256,6579.52
1066,7769.50
9259,2939.41
1069,3648.02
9262,7349.32
1072,4531.06
9265,7343.87
1075,4860.66
9268,1456.81
1078,9543.73
9271,367.65
1081,5790.88
9274,9805.05
1084,189.01
9277,8966.68
1087,7262.48
9280,2703.68
1090,8683.80
9283,8138.73
1093,2618.53
9286,4037.37
1096,929.23
9289,8228.08
1099,9040.94
9292,7432.75
1102,5327.45
9295,2417.01
1105,5019.78
9298,692.59
1108,6234.76
9301,3809.88
1111,2279.03
9304,8474.59
1114,1199.26
9307,9709.88
1117,834.01
9310,4928.43
1120,300.51
9313,5068.61
1123,6559.02
9316,248.41
1126,6013.05
9319,1679.92
1129,545.05
9322,5927.07
1132,3451.99
9325,320.16
1135,5350.32
9328,3671.31
1138,2078.25
9331,721.55
1141,9126.83
9334,9876.39
1144,8466.73
9337,346.13
1147,4160.20
9340,5134.06
1150,4436.28
9343,2689.21
1153,425.40
9346,970.00
1156,4311.96
9349,6628.22
1159,7749.44
9352,7628.71
1162,6075.17
9355,3993.25
1165,1269.30
9358,6785.05
1168,2563.86
9361,2473.50
1171,3016.68
9364,7893.68
1174,6869.56
9367,2975.01
1177,9791.38
9370,8408.39
1180,2984.86
9373,744.16
1183,8410.77
9376,9411.12
1186,8628.76
9379,1410.99
1189,441.35
9382,5798.84
1192,7731.03
9385,6134.28
1195,7097.66
9388,1921.44
1198,1107.27
9391,8145.22
1201,6778.48
9394,3245.24
1204,4336.14
9397,5175.12
1207,4247.48
9400,5658.72
1210,6658.21
9403,1151.38
1213,1659.97
9406,1097.56
1216,9773.34
9409,709.14
1219,6050.05
9412,6216.55
1222,1043.98
9415,1056.42
1225,4479.17
9418,7468.92
1228,760.68
9421,7431.27
1231,9505.35
9424,9440.94
1234,1931.90
9427,2316.79
1237,9275.35
9430,5934.59
1240,6241.02
9433,5708.31
1243,7609.10
9436,3929.93
1246,4989.00
9439,6088.77
1249,6100.68
9442,5063.38
1252,2558.19
9445,1205.82
1255,5171.30
9448,430.73
1258,8362.19
9451,3566.53
1261,8516.21
9454,8057.69
1264,5219.21
9457,7519.25
1267,9298.89
9460,9435.12
1270,8208.78
9463,7623.33
1273,3506.41
9466,5123.16
1276,7331.07
9469,2425.83
1279,8170.66
9472,927.04
1282,4014.21
9475,8979.37
1285,3352.75
9478,2025.87
1288,1371.56
9481,3395.41
1291,8328.13
9484,5803.05
1294,3780.74
9487,9396.01
1297,1000.84
9490,6132.11
1300,9305.12
9493,7594.42
1303,6449.08
9496,3122.74
1306,291.64
9499,8164.22
1309,795.18
9502,8703.98
1312,4909.29
9505,4683.00
1315,2502.03
9508,5683.53
1318,7520.63
9511,1587.12
1321,3054.83
9514,2008.73
1324,2801.07
9517,4104.89
1327,5500.28
9520,7576.59
1330,9730.67
9523,1435.20
1333,5541.65
9526,9781.67
1336,6443.89
9529,71.34
1339,8305.09
9532,7149.88
1342,6463.28
9535,1301.15
1345,2528.02
9538,8493.04
1348,2822.69
9541,566.67
1351,8662.54
9544,9996.44
1354,1243.93
9547,9448.57
1357,8013.49
9550,7088.76
1360,1219.66
9553,4997.68
1363,5760.83
9556,1431.27
1366,4922.05
9559,1280.04
1369,7914.60
9562,2754.21
1372,4216.36
9565,3382.00
1375,1231.16
9568,8655.31
1378,9400.74
9571,3504.32
1381,5916.99
9574,136.86
1384,2237.24
9577,879.51
1387,6111.28
9580,9111.22
1390,2371.59
9583,8652.10
1393,4795.22
9586,1841.55
1396,4438.01
9589,7020.20
1399,4099.57
9592,4746.08
1402,7158.66
9595,3623.88
1405,4904.58
9598,2459.20
1408,5403.19
9601,666.47
1411,8726.99
9604,4970.11
1414,5993.20
9607,7021.75
1417,4590.88
9610,9960.24
1420,7877.27
9613,641.70
1423,7592.48
9616,7726.86
1426,606.07
9619,8219.94
1429,8495.58
9622,2994.38
1432,5259.01
9625,4729.82
1435,6931.93
9628,5669.14
1438,3811.74
9631,7990.21
1441,212.36
9634,9095.19
1444,4856.41
9637,4029.43
1447,2223.21
9640,9116.76
1450,4920.05
9643,976.14
1453,9534.84
9646,3328.56
1456,4548.92
9649,3298.48
1459,2233.34
9652,1332.83
1462,9833.95
9655,174.00
1465,5552.85
9658,8538.15
1468,7711.14
9661,1524.96
1471,3079.99
9664,607.07
1474,9331.16
9667,4790.00
1477,7657.53
9670,8886.31
1480,4832.15
9673,826.61
1483,247.29
9676,8911.10
1486,9867.70
9679,3790.26
1489,4789.99
9682,4592.63
1492,3805.98
9685,2652.18
1495,5438.52
9688,6385.59
1498,8384.69
9691,6905.43
1501,7885.37
9694,8986.05
1504,5997.77
9697,5064.29
1507,4094.50
9700,1795.94
1510,4905.15
9703,4799.95
1513,8556.09
9706,4662.32
1516,9222.05
9709,1626.13
1519,7896.45
9712,772.76
1522,9697.40
9715,9898.22
1525,4370.33
9718,5979.56
1528,6153.24
9721,7953.92
1531,2132.50
9724,3733.97
1534,1172.19
9727,4185.72
1537,8543.69
9730,1075.00
1540,4825.35
9733,697.70
1543,4771.64
9736,8267.53
1546,6850.77
9739,2561.55
1549,8518.46
9742,6081.46
1552,1690.06
9745,9330.17
1555,1642.98
9748,5000.48
1558,1764.75
9751,4818.20
1561,2843.89
9754,8449.06
1564,1411.86
9757,7801.66
1567,6594.96
9760,2487.80
1570,7765.86
9763,3348.95
1573,366.43
9766,6838.32
1576,943.82
9769,7715.60
1579,2839.52
9772,5458.22
1582,2422.70
9775,7664.45
1585,7977.20
9778,3238.11
1588,209.05
9781,325.58
1591,4736.69
9784,3905.77
1594,3115.43
9787,359.95
1597,8317.64
9790,8264.23
1600,2959.93
9793,1316.13
1603,5671.76
9796,4401.17
1606,1639.92
9799,1674.64
1609,2990.18
9802,6842.74
1612,2396.83
9805,1432.56
1615,2530.79
9808,1618.57
1618,8585.74
9811,9800.50
1621,2597.59
9814,9302.27
1624,7464.77
9817,5541.92
1627,1869.24
9820,9397.98
1630,8873.21
9823,7406.45
1633,8351.24
9826,380.18
1636,5360.60
9829,7162.44
1639,1663.61
9832,7786.48
1642,3120.91
9835,9263.37
1645,3033.14
9838,5875.54
1648,9867.39
9841,9278.82
1651,9337.74
9844,5507.67
1654,3205.62
9847,4683.29
1657,6212.28
9850,521.61
1660,3295.57
9853,7801.21
1663,2666.95
9856,2420.71
1666,10024.63
9859,8385.83
1669,5503.64
9862,4658.02
1672,9803.51
9865,6170.79
1675,1267.79
9868,5260.25
1678,5457.31
9871,1896.70
1681,3475.02
9874,8547.00
1684,3404.38
9877,7006.61
1687,3566.45
9880,5503.87
1690,7446.51
9883,9325.77
1693,1997.39
9886,862.76
1696,3654.79
9889,515.45
1699,6798.78
9892,249.76
1702,9111.60
9895,4060.68
1705,8819.53
9898,2960.47
1708,7757.31
9901,3038.23
1711,8164.32
9904,6838.24
1714,6582.00
9907,9073.17
1717,421.25
9910,4519.81
1720,4759.82
9913,8654.74
1723,3677.47
9916,1049.69
1726,189.34
9919,856.49
1729,1737.42
9922,2412.40
1732,4908.69
9925,5938.40
1735,6806.71
9928,2132.47
1738,6797.42
9931,6568.67
1741,2132.49
9934,2348.42
1744,4441.36
9937,7700.16
1747,3846.07
9940,9121.39
1750,3029.33
9943,9140.37
1753,7521.88
9946,234.86
1756,5820.92
9949,5811.72
1759,4497.28
9952,8526.98
1762,2524.81
9955,1750.27
1765,5908.75
9958,2177.84
1768,5231.51
9961,5993.77
1771,1130.93
9964,1418.82
1774,3654.53
9967,3616.80
1777,9889.66
9970,7834.30
1780,3102.75
9973,9736.66
1783,9001.74
9976,5256.76
1786,9249.15
9979,3963.74
1789,6573.31
9982,7194.27
1792,4153.05
9985,1992.71
1795,4747.51
9988,604.73
1798,6672.35
9991,1275.77
1801,7524.83
9994,7271.77
1804,7896.41
9997,4518.33
1807,2650.40
10000,4690.35
1810,298.20
10003,8714.47
1813,9765.95
10006,8195.74
1816,8268.24
10009,4813.10
1819,4063.01
10012,9508.89
1822,5683.02
10015,8410.36
1825,7526.56
10018,7672.39
1828,558.06
10021,5217.78
1831,6861.88
10024,7474.27
1834,3922.74
10027,2927.12
1837,4762.25
10030,4197.28
1840,398.12
10033,3581.37
1843,7851.92
10036,9704.40
1846,2662.36
10039,2441.13
1849,9775.34
10042,805.20
1852,5523.44
10045,1447.49
1855,5686.78
10048,9000.55
1858,6901.96
10051,7990.31
1861,3227.48
10054,2806.10
1864,2967.17
10057,9461.72
1867,7413.41
10060,864.39
1870,6038.19
10063,2046.75
1873,6519.98
10066,3697.54
1876,7581.72
10069,3258.71
1879,4254.53
10072,696.01
1882,8365.87
10075,8110.29
1885,4430.26
10078,6063.01
1888,4277.10
10081,9338.61
1891,5120.94
10084,6976.90
1894,6763.69
10087,8335.69
1897,6164.30
10090,6318.42
1900,9340.13
10093,217.50
1903,108.25
10096,1108.06
1906,1917.05
10099,1505.55
1909,1817.46
10102,5785.59
1912,2408.07
10105,108.14
1915,3453.80
10108,7244.52
1918,8243.91
10111,7471.58
1921,2894.56
10114,4020.53
1924,5263.04
10117,5490.10
1927,7777.00
10120,8884.94
1930,1681.94
10123,6790.56
1933,8268.92
10126,8250.54
1936,6166.33
10129,5779.05
1939,7675.95
10132,1912.03
1942,4359.42
10135,8893.01
1945,8990.76
10138,4972.41
1948,2080.48
10141,7012.65
1951,1139.67
10144,4789.19
1954,3595.21
10147,993.60
1957,8311.25
10150,813.36
1960,7511.10
10153,4096.47
1963,9347.16
10156,3522.09
1966,2740.14
10159,8944.52
1969,1247.65
10162,3599.76
1972,2683.51
10165,6855.66
1975,6298.14
10168,10019.47
1978,488.91
10171,784.56
1981,5459.12
10174,9404.36
1984,3913.72
10177,4407.66
1987,686.63
10180,4613.38
1990,1273.89
10183,4269.62
1993,6126.86
10186,3220.23
1996,6606.24
10189,4842.90
1999,2593.41
10192,1679.61
2002,2042.21
10195,4567.18
2005,160.69
10198,4138.55
2008,615.74
10201,9596.07
2011,4836.91
10204,5515.95
2014,3189.59
10207,164.88
2017,7726.31
10210,3557.89
2020,6077.02
10213,9407.00
2023,6797.31
10216,2484.55
2026,1389.61
10219,3679.27
2029,5760.60
10222,6285.15
2032,8083.46
10225,8107.69
2035,819.27
10228,3729.60
2038,5335.57
10231,508.69
2041,8279.59
10234,2395.86
2044,3801.30
10237,2723.36
2047,5783.61
10240,519.06
2050,5651.84
10243,9492.44
2053,7932.53
10246,849.15
2056,7775.94
10249,6922.00
2059,9042.23
10252,9021.79
2062,6845.79
10255,5846.92
2065,8341.04
10258,2048.28
2068,8713.07
10261,3716.66
2071,8446.65
10264,521.88
2074,9561.97
10267,8500.86
2077,8622.51
10270,4784.61
2080,4799.32
10273,3626.35
2083,2992.88
10276,1053.42
2086,3738.72
10279,4230.68
2089,9280.09
10282,8921.86
2092,3005.14
10285,1613.32
2095,8574.06
10288,6128.95
2098,9719.78
10291,622.74
2101,8835.76
10294,9958.33
2104,2523.48
10297,6410.22
2107,811.51
10300,9124.62
2110,8159.66
10303,8639.00
2113,5666.13
10306,5989.57
2116,6822.84
10309,9090.50
2119,8063.95
10312,3323.79
2122,9276.31
10315,6094.42
2125,2619.86
10318,310.48
2128,7937.62
10321,9164.21
2131,897.40
10324,9886.83
2134,3924.19
10327,266.58
2137,9082.44
10330,7863.94
2140,4928.07
10333,3239.54
2143,7884.14
10336,3448.26
2146,4007.34
10339,9364.89
2149,657.92
10342,7218.21
2152,9459.63
10345,4826.66
2155,4790.67
10348,2858.80
2158,2432.05
10351,2348.93
2161,3059.54
10354,2601.70
2164,3554.04
10357,1178.62
2167,1267.81
10360,6328.00
2170,5241.51
10363,1195.02
2173,8428.66
10366,3033.23
2176,696.91
10369,4263.14
2179,3467.66
10372,9091.61
2182,9317.67
10375,2490.45
2185,4355.95
10378,7027.51
2188,7122.64
10381,2582.26
2191,2756.40
10384,6042.89
2194,6616.30
10387,6850.37
2197,9577.61
10390,1379.27
2200,4523.12
10393,8807.60
2203,9879.07
10396,4366.43
2206,8240.94
10399,5862.48
2209,5346.44
10402,2656.57
2212,771.08
10405,8630.72
2215,8767.27
10408,6518.41
2218,8751.20
10411,9661.79
2221,5055.00
10414,9336.29
2224,7018.57
10417,4325.62
2227,1699.59
10420,834.71
2230,6199.99
10423,4184.12
2233,2505.20
10426,3747.96
2236,1795.78
10429,1514.74
2239,6501.44
10432,721.09
2242,9785.04
10435,9485.31
2245,6856.19
10438,8636.97
2248,7066.40
10441,2617.38
2251,5884.43
10444,7309.96
2254,4313.71
10447,7809.43
2257,5739.86
10450,1389.09
2260,9167.68
10453,1390.25
2263,4102.11
10456,7295.13
2266,8951.27
10459,6630.36
2269,2771.51
10462,5078.99
2272,890.23
10465,886.12
2275,9588.44
10468,1581.14
2278,9491.22
10471,3643.64
2281,4143.09
10474,1772.21
2284,9729.80
10477,718.13
2287,3027.47
10480,5060.35
2290,2083.32
10483,466.23
2293,6535.52
10486,167.67
2296,5003.54
10489,5500.75
2299,5735.93
10492,6765.44
2302,9966.50
10495,9649.82
2305,6066.64
10498,4029.64
2308,5062.22
10501,3479.43
2311,4005.19
10504,3137.95
2314,3125.60
10507,3066.26
2317,8978.82
10510,4408.43
2320,9524.77
10513,750.87
2323,5249.61
10516,7328.94
2326,8354.55
10519,857.82
2329,4795.43
10522,5177.41
2332,8336.90
10525,5992.56
2335,8221.51
10528,6407.60
2338,190.65
10531,4812.35
2341,6549.35
10534,5421.04
2344,9537.98
10537,1738.56
2347,7466.17
10540,4609.82
2350,9814.12
10543,4193.68
2353,5555.27
10546,2681.85
2356,8032.42
10549,436.49
2359,3737.20
10552,4559.58
2362,6275.43
10555,170.50
2365,2272.23
10558,2499.57
2368,6481.40
10561,8755.87
2371,3931.56
10564,5042.94
2374,3717.68
10567,9222.03
2377,2301.57
10570,9393.71
2380,2326.06
10573,875.87
2383,654.18
10576,2080.61
2386,9884.36
10579,3120.44
2389,9026.57
10582,5717.41
2392,3178.82
10585,3560.48
2395,7639.51
10588,1442.21
2398,5675.23
10591,9511.52
2401,4004.32
10594,5606.93
2404,4793.28
10597,3005.45
2407,4748.43
10600,5171.82
2410,4419.02
10603,330.84
2413,1468.08
10606,3702.16
2416,2286.37
10609,1704.39
2419,6290.49
10612,9867.35
2422,156.37
10615,9952.59
2425,5381.07
10618,6204.92
2428,509.23
10621,9385.43
2431,7151.42
10624,6512.59
2434,9256.11
10627,6675.14
2437,9263.61
10630,4528.19
2440,619.46
10633,9237.25
2443,651.01
10636,3510.94
2446,681.87
10639,602.08
2449,2193.61
10642,782.39
2452,8789.78
10645,8381.46
2455,2942.88
10648,2604.23
2458,2099.67
10651,6262.81
2461,4975.06
10654,1782.26
2464,1352.94
10657,7848.42
2467,6627.27
10660,147.01
2470,10034.89
10663,3142.66
2473,9637.43
10666,9200.60
2476,3102.00
10669,6848.99
2479,4327.55
10672,2147.25
2482,7620.03
10675,7367.45
2485,3169.43
10678,1650.42
2488,2977.97
10681,5283.47
2491,8606.34
10684,8525.11
2494,5223.47
10687,2177.67
2497,3060.18
10690,1785.75
2500,1115.75
10693,1667.54
2503,6090.79
10696,7921.07
2506,1032.88
10699,179.35
2509,6473.28
10702,447.46
2512,5711.99
10705,7009.32
2515,6004.65
10708,5531.02
2518,2174.82
10711,3318.64
2521,783.06
10714,4628.18
2524,8739.98
10717,2935.52
2527,9689.70
10720,3425.27
2530,2545.98
10723,7583.53
2533,1478.29
10726,6652.99
2536,3916.30
10729,6561.33
2539,3155.48
10732,258.14
2542,930.82
10735,8935.53
2545,5878.60
10738,1554.34
2548,9074.52
10741,8996.92
2551,7853.48
10744,5372.01
2554,2245.21
10747,6154.39
2557,1379.92
10750,138.71
2560,8820.10
10753,1430.16
2563,9904.38
10756,698.39
2566,2065.99
10759,7271.40
2569,6465.05
10762,9373.87
2572,6059.63
10765,8914.11
2575,7626.96
10768,3250.81
2578,5980.30
10771,3228.37
2581,5588.85
10774,3219.07
2584,1960.04
10777,5381.65
2587,5100.04
10780,5056.83
2590,3338.55
10783,226.03
2593,6717.70
10786,986.56
2596,608.05
10789,3122.06
2599,3822.65
10792,8567.85
2602,60.05
10795,340.26
2605,8566.43
10798,1593.56
2608,5022.99
10801,2246.58
2611,404.22
10804,2834.23
2614,5306.86
10807,1860.37
2617,768.87
10810,1065.03
2620,4276.47
10813,5668.38
2623,6383.68
10816,7245.14
2626,3100.45
10819,2569.93
2629,1685.88
10822,9566.04
2632,7664.06
10825,8380.99
2635,2122.61
10828,9893.71
2638,8341.47
10831,9907.14
2641,7453.69
10834,7055.04
2644,3041.97
10837,7742.14
2647,9885.66
10840,8829.00
2650,9595.78
10843,9532.74
2653,844.59
10846,1476.38
2656,3417.13
10849,5112.44
2659,7595.95
10852,5120.15
2662,7337.90
10855,7947.27
2665,2560.60
10858,9551.39
2668,7059.46
10861,8309.57
2671,8526.61
10864,312.91
2674,7377.42
10867,2824.40
2677,7260.62
10870,7078.96
2680,6450.18
10873,283.90
2683,5716.35
10876,5481.12
2686,2725.35
10879,4885.95
2689,1303.02
10882,6839.86
2692,3192.47
10885,3797.10
2695,4146.86
10888,6724.53
2698,955.05
10891,4552.36
2701,3796.38
10894,1650.96
2704,6317.33
10897,6697.16
2707,8234.64
10900,8599.11
2710,1823.22
10903,7057.12
2713,7528.64
10906,4982.59
2716,4166.10
10909,7254.41
2719,8097.05
10912,5791.87
2722,3416.64
10915,4060.54
2725,7370.92
10918,4425.41
2728,9649.64
10921,8987.55
2731,5275.00
10924,6623.08
2734,8780.16
10927,1085.34
2737,1613.10
10930,7085.96
2740,4518.29
10933,9122.91
2743,263.11
10936,1409.82
2746,6735.60
10939,9061.99
2749,8660.19
10942,834.44
2752,6613.50
10945,9253.78
2755,1686.67
10948,7055.46
2758,5698.04
10951,3635.53
2761,6584.86
10954,7732.92
2764,2871.85
10957,220.71
2767,2053.32
10960,6973.68
2770,1696.24
10963,8745.84
2773,2000.48
10966,1615.11
2776,5815.88
10969,1239.49
2779,3792.26
10972,9267.44
2782,4817.48
10975,9074.35
2785,980.37
10978,2302.17
2788,7889.44
10981,5043.16
2791,2026.42
10984,8492.85
2794,1810.80
10987,7436.32
2797,8419.19
10990,9095.92
2800,8420.48
10993,292.81
2803,9762.56
10996,2926.79
2806,7610.73
10999,7779.28
2809,3339.14
2812,8390.10
2815,4186.09
2818,3729.18
2821,5776.97
2824,5914.91
2827,6802.87
2830,6635.01
2833,4930.57
2836,8352.00
2839,447.81
2842,3978.43
2845,5412.44
2848,2560.50
2851,8641.35
2854,9199.06
2857,3072.53
2860,6162.96
2863,5875.76
2866,8980.06
2869,3832.99
2872,5275.56
2875,3881.47
2878,372.46
2881,2744.92
2884,611.62
2887,7811.98
2890,3302.60
2893,2472.41
2896,2477.93
2899,1887.30
2902,5470.46
2905,589.31
2908,7260.45
2911,6049.54
2914,7453.60
2917,1414.91
2920,8979.22
2923,7827.01
2926,6550.41
2929,5493.90
2932,8762.19
2935,5201.86
2938,8908.19
2941,4055.72
2944,2804.86
2947,2904.46
2950,3067.79
2953,8311.58
2956,4940.56
2959,6805.08
2962,8464.17
2965,1038.93
2968,6160.33
2971,1283.18
2974,7200.79
2977,967.54
2980,9729.16
2983,556.01
2986,8719.35
2989,2771.14
2992,8588.39
2995,8411.09
2998,4113.14
3001,5563.34
3004,9999.53
3007,9650.08
3010,7187.37
3013,6231.25
3016,5753.47
3019,4165.24
3022,8236.31
3025,3469.29
3028,7228.37
3031,5773.87
3034,7184.18
3037,4783.95
3040,1084.99
3043,2649.97
3046,2128.21
3049,2904.96
3052,7859.43
3055,5014.73
3058,7376.75
3061,2474.36
3064,5691.72
3067,6556.75
3070,1696.34
3073,4059.81
3076,7846.32
3079,7425.20
3082,1223.82
3085,5791.12
3088,2188.92
3091,1382.70
3094,4582.80
3097,5123.94
3100,6572.97
3103,6267.84
3106,7872.53
3109,2176.26
3112,8576.78
3115,501.35
3118,6629.50
3121,1920.19
3124,9293.82
3127,7954.74
3130,4807.16
3133,9362.75
3136,1486.89
3139,5491.65
3142,3675.20
3145,9967.30
3148,2989.10
3151,5797.98
3154,1921.53
3157,7263.93
3160,6423.37
3163,9641.67
3166,5380.77
3169,7300.99
3172,5231.29
3175,6115.66
3178,8481.05
3181,9036.34
3184,2361.20
3187,8367.87
3190,1225.56
3193,6705.96
3196,1808.34
3199,8751.25
3202,7127.86
3205,8898.88
3208,252.60
3211,4361.00
3214,7919.06
3217,6504.87
3220,1780.56
3223,4723.91
3226,496.95
3229,237.95
3232,141.85
3235,4950.50
3238,2460.62
3241,4961.27
3244,3895.99
3247,8062.26
3250,923.87
3253,5743.50
3256,8796.59
3259,6746.36
3262,134.06
3265,391.73
3268,2092.86
3271,931.10
3274,2483.22
3277,3888.27
3280,5696.16
3283,7396.79
3286,8894.26
3289,5852.73
3292,7188.46
3295,9939.90
3298,2180.89
3301,8246.46
3304,8950.71
3307,4902.16
3310,1905.69
3313,9254.94
3316,5914.90
3319,4785.97
3322,4357.82
3325,9898.35
3328,9678.69
3331,9719.63
3334,2796.24
3337,121.82
3340,2522.78
3343,7433.69
3346,218.73
3349,8536.15
3352,4436.95
3355,123.31
3358,6512.60
3361,906.82
3364,10203.38
3367,5299.61
3370,9918.45
3373,7710.17
3376,9228.68
3379,2994.20
3382,9096.96
3385,2146.89
3388,3606.84
3391,8885.06
3394,3736.90
3397,4619.17
3400,7194.86
3403,5458.73
3406,6969.69
3409,9453.88
3412,382.98
3415,4312.73
3418,3127.81
3421,2566.30
3424,1676.71
3427,6517.42
3430,923.55
3433,2947.01
3436,7295.95
3439,7146.59
3442,9201.66
3445,6720.68
3448,4028.58
3451,9345.84
3454,7876.24
3457,9799.82
3460,2122.20
3463,9159.98
3466,7521.96
3469,8751.02
3472,7621.21
3475,4389.18
3478,9638.40
3481,5503.79
3484,6737.15
3487,518.84
3490,5838.41
3493,5659.42
3496,4589.79
3499,7782.10
3502,9561.28
3505,822.68
3508,375.84
3511,6354.37
3514,8918.93
3517,307.18
3520,8326.39
3523,5992.36
3526,8315.41
3529,8336.69
3532,2222.12
3535,2598.40
3538,4859.40
3541,5141.25
3544,436.29
3547,7315.76
3550,3823.19
3553,2123.08
3556,8778.42
3559,8694.49
3562,3569.57
3565,5180.42
3568,489.65
3571,5412.83
3574,7523.64
3577,9941.29
3580,5149.30
3583,4332.52
3586,720.73
3589,9221.32
3592,2588.08
3595,2304.13
3598,2220.73
3601,1649.32
3604,3096.25
3607,4283.49
3610,5514.16
3613,3813.02
3616,9252.55
3619,5547.46
3622,2767.86
3625,1248.08
3628,8740.46
3631,3676.90
3634,5827.47
3637,7048.88
3640,5159.49
3643,5488.22
3646,5300.92
3649,8583.31
3652,3644.11
3655,1146.31
3658,9518.52
3661,1568.44
3664,1605.10
3667,6368.87
3670,7532.48
3673,8789.22
3676,4795.33
3679,1555.18
3682,5171.68
3685,1285.77
3688,5271.88
3691,2246.59
3694,5478.86
3697,9287.89
3700,9982.01
3703,3511.27
3706,9201.94
3709,6805.61
3712,3628.78
3715,3524.61
3718,4035.12
3721,7023.17
3724,8571.22
3727,2654.94
3730,2023.18
3733,5129.42
3736,1115.75
3739,1949.32
3742,6733.78
3745,5002.28
3748,1344.17
3751,1602.34
3754,5000.62
3757,6474.23
3760,7461.26
3763,7041.14
3766,9805.61
3769,2068.04
3772,2498.20
3775,9357.37
3778,7880.94
3781,7591.24
3784,3632.45
3787,8207.86
3790,104.13
3793,8957.46
3796,2278.58
3799,9634.30
3802,6609.21
3805,4096.99
3808,8174.46
3811,501.77
3814,9211.34
3817,1199.47
3820,620.77
3823,2012.96
3826,6798.83
3829,3956.12
3832,6486.93
3835,3630.87
3838,1489.81
3841,1253.69
3844,4102.91
3847,6009.54
3850,4815.16
3853,8971.16
3856,3061.02
3859,7348.01
3862,6296.15
3865,584.04
3868,130.44
3871,7697.30
3874,7827.90
3877,1476.72
3880,6807.79
3883,5893.19
3886,9181.08
3889,9076.93
3892,8616.72
3895,3264.31
3898,355.57
3901,9177.02
3904,176.05
3907,3923.08
3910,6363.08
3913,5169.05
3916,4365.16
3919,5096.76
3922,2003.83
3925,7187.24
3928,9764.61
3931,3717.87
3934,5384.81
3937,8246.72
3940,4570.10
3943,7353.61
3946,354.84
3949,815.56
3952,2335.50
3955,6207.57
3958,8606.24
3961,9241.79
3964,2143.99
3967,596.26
3970,1719.91
3973,4581.83
3976,4581.41
3979,6910.00
3982,4552.76
3985,8271.89
3988,5542.64
3991,2096.54
3994,5690.87
3997,5048.93
4000,9020.52
4003,6805.39
4006,7907.19
4009,9424.34
4012,2242.66
4015,2447.24
4018,5194.80
4021,8195.98
4024,6458.43
4027,7264.41
4030,7442.72
4033,3534.51
4036,2240.69
4039,3128.12
4042,4790.27
4045,4270.63
4048,8325.85
4051,5283.93
4054,2934.23
4057,5547.28
4060,7852.94
4063,7808.64
4066,7690.76
4069,1444.76
4072,6951.76
4075,3189.25
4078,6887.17
4081,2913.63
4084,892.58
4087,9161.41
4090,698.42
4093,8585.64
4096,1765.54
4099,9637.48
4102,9600.62
4105,7661.29
4108,1110.34
4111,10077.83
4114,2277.66
4117,1997.20
4120,5778.01
4123,7245.71
4126,4466.94
4129,4109.54
4132,354.98
4135,6976.02
4138,3631.44
4141,4295.70
4144,4601.43
4147,7004.60
4150,6720.67
4153,7298.41
4156,6257.03
4159,8920.20
4162,1749.76
4165,2590.94
4168,5084.98
4171,8076.98
4174,978.52
4177,2556.37
4180,9914.30
4183,3385.71
4186,8062.68
4189,3421.27
4192,6755.59
4195,4923.00
4198,4469.78
4201,6532.85
4204,6720.25
4207,9133.25
4210,5467.00
4213,9580.24
4216,2857.31
4219,4835.46
4222,9371.65
4225,8224.63
4228,2043.86
4231,5796.96
4234,1621.23
4237,4624.20
4240,2017.28
4243,1779.20
4246,5639.21
4249,2523.64
4252,6493.50
4255,3640.53
4258,863.54
4261,2474.33
4264,8103.15
4267,3808.62
4270,1134.34
4273,2713.99
4276,6793.67
4279,9241.34
4282,8614.69
4285,4482.63
4288,6347.50
4291,3241.15
4294,2997.78
4297,6706.31
4300,452.49
4303,5187.33
4306,6836.27
4309,7980.17
4312,5781.14
4315,469.51
4318,1466.62
4321,1303.57
4324,5546.07
4327,2941.08
4330,299.30
4333,283.14
4336,1029.48
4339,7389.95
4342,6136.22
4345,8175.48
4348,9826.00
4351,2984.83
4354,9905.67
4357,3032.89
4360,1935.27
4363,5299.44
4366,3904.41
4369,6700.80
4372,3379.33
4375,513.08
4378,4367.12
4381,2618.61
4384,394.41
4387,740.09
4390,2079.65
4393,423.46
4396,10059.00
4399,7837.60
4402,2447.00
4405,6612.10
4408,5688.86
4411,9713.65
4414,4911.22
4417,8324.02
4420,1362.07
4423,6648.09
4426,731.83
4429,3357.21
4432,3400.22
4435,1523.68
4438,1455.87
4441,7171.14
4444,6502.06
4447,245.16
4450,8499.48
4453,4443.66
4456,2021.22
4459,3295.39
4462,6980.11
4465,542.08
4468,4329.16
4471,4105.88
4474,3074.74
4477,1588.87
4480,8012.16
4483,5268.01
4486,5205.66
4489,6876.41
4492,4307.73
4495,6147.21
4498,2616.54
4501,3951.48
4504,4703.45
4507,3606.95
4510,6794.96
4513,3686.52
4516,2142.78
4519,965.64
4522,397.28
4525,3180.80
4528,3236.75
4531,2971.66
4534,8250.70
4537,6427.23
4540,7443.70
4543,2457.74
4546,2878.80
4549,9862.00
4552,8142.38
4555,9089.13
4558,1869.08
4561,5353.07
4564,2957.92
4567,5394.92
4570,2304.53
4573,611.94
4576,4287.07
4579,4806.26
4582,7451.19
4585,8731.15
4588,3742.39
4591,2305.06
4594,1652.92
4597,7588.23
4600,4727.74
4603,1470.25
4606,8217.68
4609,5877.29
4612,4024.15
4615,1564.62
4618,4728.95
4621,138.44
4624,7410.98
4627,2446.44
4630,7567.48
4633,2169.30
4636,9736.66
4639,3626.99
4642,1141.19
4645,8126.53
4648,3589.41
4651,3448.03
4654,4157.87
4657,587.28
4660,3066.21
4663,3949.96
4666,8789.46
4669,9971.80
4672,8893.25
4675,4169.17
4678,4176.08
4681,1855.46
4684,6362.04
4687,6107.67
4690,3590.34
4693,9759.52
4696,2127.93
4699,2259.95
4702,9189.97
4705,2073.44
4708,6988.72
4711,7315.88
4714,9735.61
4717,2088.19
4720,7514.98
4723,1968.54
4726,7033.97
4729,594.88
4732,6403.03
4735,8372.92
4738,820.13
4741,3803.62
4744,8646.26
4747,4982.60
4750,6218.43
4753,2010.99
4756,1381.05
4759,8894.15
4762,8032.50
4765,5666.44
4768,4572.03
4771,7794.40
4774,6990.47
4777,2462.25
4780,6161.83
4783,9213.79
4786,8406.05
4789,5353.92
4792,3784.48
4795,6527.64
4798,610.27
4801,5045.86
4804,7820.76
4807,3130.40
4810,6681.81
4813,2369.27
4816,6803.81
4819,7098.76
4822,4277.61
4825,5571.23
4828,7909.74
4831,2406.15
4834,1650.34
4837,9899.01
4840,8634.86
4843,1193.36
4846,8447.89
4849,8923.58
4852,6132.53
4855,7004.04
4858,3422.94
4861,3564.69
4864,2095.37
4867,2261.97
4870,8486.32
4873,4807.11
4876,887.06
4879,6174.20
4882,7148.80
4885,1239.21
4888,2550.09
4891,9678.91
4894,5669.31
4897,7342.79
4900,1844.97
4903,4627.99
4906,282.62
4909,7703.69
4912,5374.78
4915,7904.35
4918,8605.32
4921,1678.34
4924,9896.15
4927,3516.25
4930,8988.59
4933,3294.89
4936,8369.62
4939,685.64
4942,4537.07
4945,4168.96
4948,1093.42
4951,340.99
4954,1068.25
4957,7057.18
4960,2233.51
4963,1614.17
4966,9315.72
4969,7187.59
4972,4781.24
4975,9154.30
4978,9803.31
4981,9642.94
4984,1060.17
4987,8867.07
4990,5571.18
4993,4458.63
4996,9095.57
4999,9896.28
5002,3279.30
5005,7069.90
5008,5328.75
5011,1767.03
5014,3557.51
5017,4712.94
5020,3300.25
5023,7384.83
5026,5667.07
5029,5414.45
5032,9568.09
5035,2355.55
5038,8865.38
5041,4409.53
5044,4885.22
5047,9814.60
5050,4925.45
5053,4267.67
5056,9042.43
5059,9033.40
5062,6666.07
5065,7763.77
5068,5733.28
5071,4826.49
5074,9055.00
5077,8842.06
5080,7928.50
5083,3621.01
5086,468.76
5089,998.40
5092,3491.14
5095,5913.11
5098,8478.93
5101,1378.52
5104,6114.56
5107,4409.61
5110,8472.03
5113,1718.45
5116,2246.86
5119,4387.42
5122,5238.57
5125,6390.59
5128,9884.80
5131,3184.74
5134,4965.43
5137,8427.18
5140,333.66
5143,784.97
5146,3687.27
5149,1631.19
5152,4466.85
5155,1573.60
5158,2688.83
5161,7109.29
5164,10042.82
5167,2927.36
5170,1858.13
5173,1848.59
5176,8469.97
5179,5094.34
5182,5388.25
5185,7569.81
5188,7568.42
5191,3103.70
5194,5568.87
5197,1558.97
5200,2139.37
5203,4112.17
5206,7683.84
5209,8237.19
5212,9606.08
5215,7356.40
5218,1046.71
5221,2058.72
5224,4578.79
5227,3104.37
5230,4595.29
5233,9874.00
5236,7473.67
5239,9507.25
5242,5429.38
5245,6899.37
5248,2740.18
5251,8888.48
5254,5873.27
5257,7702.67
5260,3854.55
5263,9660.26
5266,7369.65
5269,7245.19
5272,9644.96
5275,5898.02
5278,5665.29
5281,9899.51
5284,5189.81
5287,6727.13
5290,5839.02
5293,1050.36
5296,2976.50
5299,2813.23
5302,9423.54
5305,3661.32
5308,712.05
5311,1369.55
5314,2437.96
5317,134.96
5320,8626.43
5323,7055.97
5326,2277.64
5329,2187.69
5332,9269.02
5335,3370.52
5338,7942.04
5341,3809.27
5344,5750.94
5347,9425.13
5350,6546.32
5353,5400.67
5356,9611.99
5359,3829.72
5362,4323.64
5365,2879.09
5368,341.42
5371,6109.67
5374,6017.15
5377,4070.56
5380,2632.94
5383,6430.18
5386,309.21
5389,5915.56
5392,4644.36
5395,6251.74
5398,3443.22
5401,3843.61
5404,1725.32
5407,7802.91
5410,5811.92
5413,9699.55
5416,5126.00
5419,4012.63
5422,134.98
5425,7025.54
5428,6817.36
5431,9377.46
5434,3686.89
5437,7972.91
5440,7163.06
5443,2019.27
5446,2548.47
5449,7912.39
5452,4145.41
5455,2265.59
5458,5067.48
5461,4835.87
5464,8672.76
5467,4224.39
5470,278.85
5473,9075.06
5476,7363.64
5479,301.67
5482,2929.28
5485,6240.82
5488,5651.79
5491,7670.42
5494,6770.77
5497,9605.61
5500,4911.59
5503,5225.69
5506,7664.78
5509,1948.15
5512,9920.78
5515,1406.84
5518,1430.42
5521,2410.24
5524,8932.70
5527,6632.09
5530,6325.07
5533,6621.96
5536,6888.36
5539,814.83
5542,9268.00
5545,1029.29
5548,8072.70
5551,5232.74
5554,3890.23
5557,1245.48
5560,9438.34
5563,9928.66
5566,1935.62
5569,1226.18
5572,7507.55
5575,6364.34
5578,1611.68
5581,3556.04
5584,375.51
5587,6038.13
5590,5321.93
5593,3692.51
5596,1584.36
5599,1992.14
5602,6592.45
5605,4390.70
5608,6148.88
5611,7000.12
5614,9292.59
5617,3314.18
5620,4400.28
5623,1870.72
5626,3926.77
5629,3376.93
5632,583.98
5635,8569.77
5638,1134.52
5641,1891.92
5644,7619.86
5647,8247.67
5650,8429.69
5653,3092.32
5656,4854.32
5659,9313.09
5662,1162.20
5665,4456.04
5668,4241.88
5671,442.06
5674,6651.63
5677,1377.65
5680,4670.12
5683,2480.00
5686,5386.94
5689,2689.93
5692,6776.08
5695,9436.97
5698,5037.73
5701,5399.00
5704,9781.02
5707,3843.16
5710,3607.98
5713,9633.09
5716,7238.68
5719,1449.31
5722,880.16
5725,8882.85
5728,5675.75
5731,2090.51
5734,7138.82
5737,9228.30
5740,3303.48
5743,4969.15
5746,6744.69
5749,8044.81
5752,8587.84
5755,1539.40
5758,9680.03
5761,8142.76
5764,8685.79
5767,7514.07
5770,969.66
5773,7441.36
5776,1976.51
5779,1449.42
5782,3425.54
5785,8674.04
5788,8293.94
5791,7323.70
5794,2701.02
5797,5860.63
5800,5049.46
5803,9044.70
5806,704.22
5809,633.74
5812,9843.68
5815,1229.23
5818,6136.80
5821,3909.15
5824,6037.80
5827,7154.41
5830,9861.90
5833,1387.25
5836,7930.30
5839,4584.60
5842,1810.18
5845,5937.86
5848,1417.79
5851,9784.22
5854,7226.68
5857,5414.02
5860,3384.81
5863,8796.54
5866,669.90
5869,3272.39
5872,2308.93
5875,2625.28
5878,9709.55
5881,7281.08
5884,8956.41
5887,929.49
5890,3248.13
5893,8475.85
5896,4805.37
5899,9435.37
5902,2461.56
5905,8231.77
5908,2353.26
5911,8991.36
5914,9084.48
5917,3508.97
5920,3235.01
5923,1152.07
5926,305.04
5929,4621.29
5932,607.75
5935,4702.35
5938,8001.33
5941,2390.87
5944,360.94
5947,7679.29
5950,2742.16
5953,2490.52
5956,4097.30
5959,5893.58
5962,2312.04
5965,1406.05
5968,8398.73
5971,3422.55
5974,3716.92
5977,4745.43
5980,7709.93
5983,3189.72
5986,6195.55
5989,8442.45
5992,7385.18
5995,2476.28
5998,2940.01
6001,1297.86
6004,3595.64
6007,762.78
6010,1384.42
6013,2278.19
6016,532.81
6019,9838.71
6022,7453.80
6025,8718.72
6028,9426.60
6031,3564.55
6034,9080.76
6037,4827.82
6040,7964.10
6043,8603.36
6046,5879.12
6049,1938.18
6052,7988.02
6055,4749.86
6058,5597.04
6061,8432.45
6064,9171.90
6067,3791.81
6070,6621.20
6073,3214.95
6076,5716.79
6079,9452.45
6082,2663.03
6085,6676.03
6088,6935.26
6091,9414.79
6094,413.98
6097,3700.29
6100,8568.78
6103,1020.85
6106,3676.47
6109,2642.70
6112,288.60
6115,2660.63
6118,8241.86
6121,9464.12
6124,8008.52
6127,2721.22
6130,1109.91
6133,9167.36
6136,3502.72
6139,8603.51
6142,7443.08
6145,6445.46
6148,4018.92
6151,1979.13
6154,3992.39
6157,2842.89
6160,738.39
6163,6219.32
6166,211.39
6169,7183.08
6172,7697.25
6175,616.40
6178,4357.27
6181,1459.06
6184,2459.52
6187,4366.20
6190,5475.83
6193,8662.88
6196,5985.55
6199,228.09
6202,3342.87
6205,6174.09
6208,7821.45
6211,6419.61
6214,2664.47
6217,8192.35
6220,4543.85
6223,5675.53
6226,155.56
6229,2303.80
6232,719.78
6235,2229.62
6238,1798.53
6241,2653.06
6244,8150.56
6247,8258.75
6250,3888.54
6253,4172.42
6256,143.79
6259,6832.81
6262,9292.90
6265,212.50
6268,830.12
6271,9194.74
6274,1625.92
6277,4058.67
6280,7777.05
6283,378.57
6286,2584.49
6289,2457.65
6292,486.02
6295,3818.07
6298,4970.10
6301,2147.43
6304,5359.42
6307,1034.83
6310,6474.66
6313,3314.47
6316,8566.76
6319,5884.82
6322,2181.22
6325,7932.64
6328,7356.86
6331,1290.83
6334,4577.80
6337,205.03
6340,3245.38
6343,7759.58
6346,9297.43
6349,5791.75
6352,7750.34
6355,5180.85
6358,5379.38
6361,9115.18
6364,5489.40
6367,372.11
6370,523.14
6373,7750.89
6376,976.11
6379,728.71
6382,5709.08
6385,8600.76
6388,3893.01
6391,240.70
6394,3004.14
6397,5572.71
6400,6768.57
6403,5785.28
6406,692.55
6409,1802.88
6412,6209.82
6415,6002.89
6418,185.36
6421,2226.06
6424,3506.48
6427,9885.65
6430,2209.69
6433,1440.68
6436,2329.87
6439,7367.26
6442,516.98
6445,5662.81
6448,88.50
6451,9375.48
6454,2551.77
6457,7186.93
6460,845.40
6463,1187.56
6466,485.68
6469,6686.79
6472,8021.83
6475,3101.65
6478,2074.90
6481,3499.61
6484,6648.95
6487,7177.26
6490,7308.98
6493,9381.91
6496,909.35
6499,6093.73
6502,3277.37
6505,6936.58
6508,4948.90
6511,7770.38
6514,5543.53
6517,3297.18
6520,6817.36
6523,3187.77
6526,8167.43
6529,3975.83
6532,8303.47
6535,8486.95
6538,1154.26
6541,3904.45
6544,4455.66
6547,9213.78
6550,6012.16
6553,8881.24
6556,4591.97
6559,8854.79
6562,4259.70
6565,5286.85
6568,705.41
6571,1868.13
6574,2952.80
6577,7729.27
6580,6752.66
6583,6608.56
6586,1702.94
6589,5549.88
6592,1546.83
6595,3789.00
6598,7079.96
6601,5997.89
6604,3842.29
6607,4697.40
6610,3163.72
6613,8884.35
6616,4536.30
6619,6426.88
6622,6329.77
6625,6427.09
6628,1163.53
6631,7892.06
6634,3031.76
6637,9205.42
6640,596.38
6643,2173.67
6646,2498.90
6649,2071.26
6652,4928.15
6655,9446.72
6658,7915.05
6661,174.79
6664,6994.84
6667,6738.97
6670,7214.21
6673,2515.78
6676,6488.82
6679,4972.71
6682,4563.12
6685,4353.46
6688,3497.98
6691,5086.01
6694,4933.51
6697,4148.11
6700,6506.20
6703,1584.61
6706,7377.17
6709,1838.86
6712,446.89
6715,3193.88
6718,1394.27
6721,7258.68
6724,4285.60
6727,9882.75
6730,3077.69
6733,7066.76
6736,1844.64
6739,1516.46
6742,3866.22
6745,5270.92
6748,2690.66
6751,8245.94
6754,9242.58
6757,7941.00
6760,8513.76
6763,3583.87
6766,9221.18
6769,5476.25
6772,5803.13
6775,9482.70
6778,9833.02
6781,8499.25
6784,3684.45
6787,4633.96
6790,2887.01
6793,3019.25
6796,7737.03
6799,1972.05
6802,3270.69
6805,7031.92
6808,6217.98
6811,5565.60
6814,4697.83
6817,4622.48
6820,2325.60
6823,400.95
6826,8915.83
6829,904.46
6832,1729.10
6835,535.14
6838,8001.63
6841,611.42
6844,9770.09
6847,6704.44
6850,5110.37
6853,2397.23
6856,8834.64
6859,8488.64
6862,4127.24
6865,6988.87
6868,3679.79
6871,3614.84
6874,6111.62
6877,4042.86
6880,5668.68
6883,8164.73
6886,7949.69
6889,9817.59
6892,4940.27
6895,5013.35
6898,4524.58
6901,1864.82
6904,6530.66
6907,4656.05
6910,2760.86
6913,9330.48
6916,8902.29
6919,7620.83
6922,9135.22
6925,8708.91
6928,2012.09
6931,7816.13
6934,1322.31
6937,3739.57
6940,5433.66
6943,8876.46
6946,9878.35
6949,1754.87
6952,3133.35
6955,2233.52
6958,3222.84
6961,2881.55
6964,6662.73
6967,2386.48
6970,3288.85
6973,3893.10
6976,5057.71
6979,2813.07
6982,9773.84
6985,4617.09
6988,3532.98
6991,9764.88
6994,2559.71
6997,7339.32
7000,2020.92
7003,5018.83
7006,9296.47
7009,1638.20
7012,6927.04
7015,6273.48
7018,2951.58
7021,9979.24
7024,1047.61
7027,859.72
7030,4663.28
7033,7546.92
7036,1706.57
7039,5113.22
7042,9075.60
7045,2701.50
7048,9131.73
7051,6693.33
7054,9067.22
7057,4591.60
7060,2231.53
7063,7029.71
7066,7179.04
7069,2925.21
7072,3065.19
7075,3022.90
7078,7271.67
7081,5474.16
7084,9400.64
7087,5832.44
7090,4696.48
7093,8490.09
7096,2365.89
7099,5958.72
7102,8268.29
7105,1654.47
7108,5063.07
7111,3100.60
7114,3959.03
7117,418.86
7120,6221.52
7123,4452.28
7126,3341.23
7129,2895.84
7132,9505.34
7135,5289.78
7138,4071.44
7141,8905.71
7144,4307.62
7147,1009.35
7150,6262.73
7153,2252.90
7156,9027.98
7159,2244.89
7162,3684.23
7165,1550.82
7168,5773.04
7171,5672.35
7174,2463.16
7177,6159.66
7180,1948.29
7183,8408.45
7186,3638.23
7189,3460.31
7192,839.66
7195,4768.01
7198,7829.13
7201,701.38
7204,7659.92
7207,1372.19
7210,9610.50
7213,3057.66
7216,3874.56
7219,4223.74
7222,1004.50
7225,4426.84
7228,9708.19
7231,1310.20
7234,8928.03
7237,8179.30
7240,9140.79
7243,3892.16
7246,5955.16
7249,8366.73
7252,6487.85
7255,6171.01
7258,5600.13
7261,8399.73
7264,361.64
7267,3054.56
7270,7221.34
7273,7605.45
7276,3959.61
7279,2241.44
7282,3967.50
7285,7935.65
7288,9182.95
7291,4393.28
7294,3262.24
7297,8863.03
7300,5765.47
7303,3328.84
7306,2385.63
7309,5313.98
7312,7932.50
7315,6356.57
7318,3247.73
7321,3357.41
7324,8937.49
7327,9070.37
7330,3416.26
7333,9414.43
7336,3077.86
7339,1780.04
7342,4958.47
7345,6693.26
7348,3196.49
7351,4713.75
7354,9802.76
7357,4936.96
7360,9281.26
7363,679.60
7366,7340.60
7369,7843.70
7372,1424.85
7375,7116.92
7378,1704.51
7381,4315.40
7384,5760.25
7387,2490.49
7390,9514.09
7393,7552.31
7396,9985.01
7399,699.17
7402,763.61
7405,2781.38
7408,4166.96
7411,5317.92
7414,6868.43
7417,3531.94
7420,8563.25
7423,8101.17
7426,6263.57
7429,2244.83
7432,5612.47
7435,5688.24
7438,7808.75
7441,242.82
7444,7173.11
7447,302.22
7450,9523.87
7453,3493.48
7456,8376.65
7459,5335.03
7462,7334.94
7465,9267.64
7468,5679.35
7471,10009.14
7474,4913.21
7477,3279.40
7480,3251.92
7483,3374.94
7486,2502.23
7489,2165.83
7492,4494.85
7495,1627.92
7498,7079.14
7501,1654.85
7504,4470.87
7507,1703.87
7510,6320.63
7513,3760.79
7516,2557.44
7519,1735.73
7522,2292.33
7525,7364.67
7528,4067.68
7531,3314.29
7534,5123.07
7537,7125.00
7540,9876.52
7543,4833.02
7546,2693.59
7549,6807.09
7552,6260.00
7555,3110.63
7558,1501.78
7561,7816.88
7564,5488.14
7567,8440.34
7570,2218.25
7573,5700.17
7576,3222.74
7579,2144.69
7582,841.66
7585,2689.17
7588,8302.25
7591,2680.71
7594,9015.18
7597,961.51
7600,8737.87
7603,3461.25
7606,9030.55
7609,8529.24
7612,6306.08
7615,2292.14
7618,2889.73
7621,436.36
7624,4801.83
7627,2112.60
7630,7277.37
7633,6166.08
7636,6214.71
7639,9924.24
7642,1187.15
7645,9456.49
7648,3828.30
7651,8404.31
7654,2138.16
7657,9077.39
7660,3555.23
7663,2675.60
7666,1702.01
7669,8828.94
7672,9791.56
7675,5966.55
7678,8380.14
7681,5748.68
7684,4483.57
7687,9952.45
7690,8365.68
7693,6845.53
7696,6250.04
7699,1529.78
7702,7803.62
7705,7909.72
7708,4356.44
7711,1938.98
7714,7929.58
7717,2611.27
7720,102.01
7723,9603.56
7726,505.92
7729,498.86
7732,8134.95
7735,8511.27
7738,6451.86
7741,6281.95
7744,6899.75
7747,5436.02
7750,6969.81
7753,8708.13
7756,2846.69
7759,205.65
7762,7904.18
7765,6444.40
7768,1756.60
7771,6042.59
7774,3202.58
7777,1171.20
7780,1919.39
7783,5550.50
7786,7742.21
7789,5373.56
7792,5366.65
7795,3852.75
7798,5510.32
7801,3828.28
7804,5020.39
7807,3190.02
7810,9936.07
7813,1910.59
7816,4341.29
7819,8308.12
7822,8687.46
7825,5363.47
7828,9118.90
7831,9680.40
7834,829.69
7837,1519.78
7840,5035.02
7843,3989.06
7846,5748.63
7849,8396.54
7852,9299.72
7855,8298.11
7858,6615.69
7861,4096.99
7864,5236.24
7867,6218.58
7870,6455.46
7873,7640.76
7876,4363.30
7879,3442.93
7882,4000.99
7885,1693.09
7888,5491.52
7891,8502.07
7894,7708.80
7897,3694.04
7900,6509.67
7903,1860.03
7906,7268.60
7909,3558.61
7912,9249.94
7915,825.92
7918,2922.72
7921,2497.63
7924,6928.58
7927,2327.96
7930,4514.33
7933,9717.15
7936,3428.11
7939,5753.31
7942,9738.94
7945,4700.57
7948,2677.49
7951,8256.68
7954,7972.77
7957,2146.37
7960,7081.90
7963,1131.28
7966,2131.05
7969,4708.11
7972,2547.53
7975,6223.85
7978,4680.02
7981,8973.50
7984,339.10
7987,1867.89
7990,4137.56
7993,4612.69
7996,4108.82
7999,7432.10
8002,1956.23
8005,4987.12
8008,7315.26
8011,4039.57
8014,2899.80
8017,1119.91
8020,9418.83
8023,9492.59
8026,1472.18
8029,9247.19
8032,1875.54
8035,3575.74
8038,758.38
8041,2406.02
8044,814.55
8047,4857.90
8050,5861.49
8053,7329.71
8056,3099.01
8059,2281.64
8062,1623.04
8065,2239.79
8068,2544.95
8071,8603.80
8074,8128.51
8077,1917.87
8080,8963.36
8083,1394.18
8086,2840.00
8089,7650.36
8092,6525.17
8095,4939.41
8098,3803.87
8101,2865.07
8104,273.84
8107,5332.05
8110,3527.07
8113,1862.45
8116,5384.02
8119,1051.38
8122,3595.89
8125,8853.36
8128,8020.29
8131,187.34
8134,8726.73
8137,5785.94
8140,5636.98
8143,6569.77
8146,3899.10
8149,3673.71
8152,7729.37
8155,5788.31
8158,2222.60
8161,3414.38
8164,6243.39
8167,6471.86
8170,8523.14
8173,8714.82
8176,6879.22
8179,9006.32
8182,3299.79
8185,1513.77
8188,5186.49
8191,3810.25
