8192,1132.27
8194,8830.01
8196,1582.69
8198,383.69
8200,3405.22
8202,7364.88
8204,988.46
8206,5353.34
8208,6051.85
8210,9528.36
8212,9933.12
8214,675.00
8216,1136.65
8218,2603.21
8220,4126.89
8222,6718.02
8224,4327.84
8226,3757.03
8228,9263.90
8230,7362.23
8232,705.03
8234,7280.88
8236,5935.34
8238,2556.37
8240,4829.54
8242,8868.27
8244,4887.94
8246,3990.76
8248,9193.26
8250,7215.76
8252,5537.53
8254,5748.12
8256,2601.02
8258,2639.92
8260,2146.99
8262,8014.20
8264,8508.30
8266,7379.63
8268,8348.35
8270,7348.46
8272,2615.79
8274,5463.47
8276,6716.01
8278,8647.98
8280,1851.58
8282,1823.96
8284,8356.96
8286,704.83
8288,1232.83
8290,6649.13
8292,639.80
8294,1695.36
8296,765.07
8298,4912.10
8300,4111.03
8302,5560.94
8304,4847.10
8306,8786.70
8308,3775.04
8310,1045.39
8312,3278.08
8314,7939.36
8316,4331.17
8318,2229.93
8320,9638.90
8322,8738.94
8324,1738.19
8326,3426.13
8328,5937.65
8330,1849.92
8332,4911.35
8334,891.74
8336,5241.33
8338,2665.05
8340,8440.47
8342,5764.65
8344,9671.17
8346,3805.55
8348,4857.95
8350,3060.28
8352,9887.81
8354,4748.83
8356,4092.06
8358,3303.84
8360,3018.19
8362,4005.99
8364,4824.22
8366,1963.14
8368,6975.06
8370,6029.63
8372,8119.61
8374,590.24
8376,8287.25
8378,4441.86
8380,820.80
8382,4784.36
8384,1685.65
8386,5677.99
8388,4900.23
8390,3372.91
8392,6224.54
8394,2773.13
8396,4821.74
8398,8677.54
8400,755.65
8402,344.63
8404,1234.66
8406,8843.73
8408,3151.42
8410,3007.92
8412,387.93
8414,8359.96
8416,2372.56
8418,3675.47
8420,6842.80
8422,2278.68
8424,8778.96
8426,2185.31
8428,6893.80
8430,7770.67
8432,4778.98
8434,1992.63
8436,9068.35
8438,4461.41
8440,1013.40
8442,3745.11
8444,3228.39
8446,7119.78
8448,7959.11
8450,5260.37
8452,6096.86
8454,3933.68
8456,6254.09
8458,4407.12
8460,1650.64
8462,4388.59
8464,8520.69
8466,6320.35
8468,9563.76
8470,8922.90
8472,7280.62
8474,6141.16
8476,1905.33
8478,5699.64
8480,7184.36
8482,5834.61
8484,6109.54
8486,7808.70
8488,3276.68
8490,7982.35
8492,8343.33
8494,4609.24
8496,2375.40
8498,6018.93
8500,7032.04
8502,3224.05
8504,3765.85
8506,2028.10
8508,3864.01
8510,6110.74
8512,4366.14
8514,1534.64
8516,5845.18
8518,8224.38
8520,8541.68
8522,6598.09
8524,3544.13
8526,1484.24
8528,7722.92
8530,9420.71
8532,1471.73
8534,981.06
8536,6078.13
8538,5411.69
8540,9483.69
8542,9274.77
8544,158.27
8546,2974.78
8548,4964.03
8550,1332.40
8552,5875.81
8554,6856.69
8556,7408.93
8558,7270.34
8560,8436.06
8562,3218.74
8564,6390.75
8566,3322.28
8568,2398.74
8570,604.43
8572,426.39
8574,4825.45
8576,2252.96
8578,1547.18
8580,9535.30
8582,6519.47
8584,6557.10
8586,6161.14
8588,3634.53
8590,4860.15
8592,9506.93
8594,9001.30
8596,5310.19
8598,2605.24
8600,2398.23
8602,4829.24
8604,9812.35
8606,6394.14
8608,5155.44
8610,4231.13
8612,3876.38
8614,9019.91
8616,6994.60
8618,2457.09
8620,4103.95
8622,9070.38
8624,2476.22
8626,8958.58
8628,2293.75
8630,8817.56
8632,4185.04
8634,5597.47
8636,3552.68
8638,9174.16
8640,2133.11
8642,5222.67
8644,5949.38
8646,3368.29
8648,7226.76
8650,9343.41
8652,4892.95
8654,997.71
8656,9753.51
8658,7328.31
8660,8434.51
8662,3341.32
8664,7452.16
8666,4766.29
8668,8922.96
8670,6144.80
8672,7515.03
8674,1871.08
8676,4872.65
8678,2304.73
8680,2839.06
8682,3536.33
8684,515.78
8686,7462.44
8688,2388.89
8690,7411.15
8692,2419.13
8694,5113.00
8696,7236.99
8698,6072.08
8700,3830.23
8702,9379.12
8704,463.81
8706,7948.99
8708,8550.23
8710,5734.22
8712,6952.79
8714,599.50
8716,8774.33
8718,5607.70
8720,6800.17
8722,8990.12
8724,7132.33
8726,1353.14
8728,9904.81
8730,3459.06
8732,4423.92
8734,2734.06
8736,7622.24
8738,2828.76
8740,1299.38
8742,2356.31
8744,5642.53
8746,1412.06
8748,8897.15
8750,9660.19
8752,7811.53
8754,4638.79
8756,9473.81
8758,9811.41
8760,2511.74
8762,4415.23
8764,7305.30
8766,1930.23
8768,1149.78
8770,4212.19
8772,7306.78
8774,7083.49
8776,9939.18
8778,785.96
8780,3546.67
8782,9212.14
8784,5416.89
8786,4882.77
8788,3713.58
8790,9626.86
8792,9300.07
8794,7309.80
8796,5195.57
8798,5754.92
8800,1470.90
8802,1609.28
8804,7286.48
8806,5651.97
8808,2872.28
8810,5587.07
8812,3292.90
8814,2818.31
8816,6871.13
8818,5237.01
8820,8487.29
8822,4587.08
8824,7672.86
8826,2503.04
8828,3731.48
8830,5581.66
8832,6412.52
8834,8977.17
8836,8751.75
8838,2937.06
8840,6801.76
8842,1179.66
8844,226.40
8846,5564.85
8848,6877.69
8850,4444.62
8852,1273.72
8854,7278.62
8856,3526.65
8858,3119.86
8860,6211.42
8862,678.45
8864,2407.90
8866,1961.33
8868,6377.85
8870,2368.16
8872,1836.70
8874,2186.12
8876,7401.95
8878,5288.87
8880,6540.61
8882,3252.90
8884,6169.39
8886,3309.35
8888,9033.41
8890,8934.09
8892,4903.53
8894,6430.23
8896,6070.60
8898,270.07
8900,3883.55
8902,9157.56
8904,8241.24
8906,5458.98
8908,5402.31
8910,720.08
8912,1320.61
8914,8059.32
8916,7877.01
8918,6017.49
8920,1769.45
8922,7730.47
8924,3441.27
8926,2652.35
8928,6930.44
8930,1299.93
8932,5533.37
8934,740.14
8936,7124.30
8938,3738.67
8940,3606.48
8942,1597.94
8944,9941.71
8946,4948.08
8948,7146.64
8950,4906.34
8952,6983.44
8954,3182.72
8956,7956.15
8958,3892.02
8960,815.32
8962,9493.15
8964,1050.22
8966,1632.13
8968,6210.53
8970,6278.90
8972,6144.91
8974,9238.69
8976,6276.88
8978,6425.02
8980,444.41
8982,6459.28
8984,6817.54
8986,9953.96
8988,9539.33
8990,8508.42
8992,1036.78
8994,4259.45
8996,8507.28
8998,8228.83
9000,1948.82
9002,8097.53
9004,2399.72
9006,5257.64
9008,6272.24
9010,4163.70
9012,6057.84
9014,997.49
9016,3838.27
9018,8511.00
9020,6350.29
9022,2458.34
9024,516.47
9026,3601.46
9028,1838.70
9030,6991.57
9032,7080.33
9034,8830.61
9036,5825.17
9038,8814.24
9040,8741.71
9042,2849.54
9044,3091.62
9046,4000.46
9048,8652.91
9050,5046.42
9052,4792.30
9054,1605.59
9056,7295.73
9058,8081.72
9060,5044.79
9062,9919.24
9064,4286.96
9066,9249.67
9068,6489.02
9070,2285.63
9072,9042.81
9074,1782.15
9076,8210.53
9078,8556.52
9080,742.19
9082,7642.09
9084,9720.13
9086,5760.83
9088,9596.65
9090,5649.47
9092,1481.81
9094,1865.27
9096,6941.24
9098,5167.99
9100,1679.38
9102,7225.49
9104,3256.08
9106,5284.11
9108,6735.57
9110,6990.18
9112,370.59
9114,8160.19
9116,2836.01
9118,1660.83
9120,4105.24
9122,6694.60
9124,578.54
9126,1021.01
9128,236.15
9130,5220.61
9132,6299.84
9134,8207.88
9136,7946.19
9138,8791.24
9140,7991.13
9142,9842.59
9144,6291.78
9146,7558.23
9148,5813.31
9150,4723.75
9152,1358.76
9154,9727.90
9156,569.27
9158,1560.73
9160,3123.61
9162,9744.55
9164,1599.40
9166,792.46
9168,9891.54
9170,5832.74
9172,5968.83
9174,9700.95
9176,1676.31
9178,7180.31
9180,3649.50
9182,646.67
9184,2886.20
9186,7321.17
9188,2834.84
9190,7865.60
1000,14532.82
9192,2828.92
1002,2650.11
9194,5401.40
1004,4875.81
9196,3827.19
1006,6503.29
9198,3914.00
1008,7387.24
9200,3762.16
1010,7509.45
9202,8954.45
1012,559.68
9204,2241.57
1014,390.11
9206,1842.76
1016,5295.96
9208,7383.36
1018,7682.17
9210,4680.60
1020,8501.87
9212,6379.05
1022,5864.06
9214,7069.60
1024,2001.22
9216,202.42
1026,4285.16
9218,2550.79
1028,5640.24
9220,3728.35
1030,8773.51
9222,4182.73
1032,485.66
9224,1622.84
1034,4695.09
9226,3503.54
1036,2015.78
9228,5838.59
1038,6402.98
9230,7272.69
1040,3908.84
9232,8135.68
1042,2030.00
9234,4497.08
1044,7974.03
9236,2609.52
1046,5462.07
9238,5520.15
1048,9581.32
9240,8212.66
1050,4435.70
9242,8299.47
1052,5565.78
9244,2150.68
1054,5860.30
9246,3300.97
1056,405.34
9248,7772.30
1058,6387.26
9250,7548.98
1060,2479.35
9252,9550.20
1062,110.51
9254,5983.76
1064,7709.59
9256,3294.30
1066,443.48
9258,3982.55
1068,8109.73
9260,3663.17
1070,4947.05
9262,7390.45
1072,2681.08
9264,861.70
1074,5463.01
9266,5908.35
1076,4137.76
9268,4378.88
1078,1495.63
9270,7770.13
1080,4995.15
9272,440.45
1082,4050.08
9274,1755.70
1084,1000.13
9276,138.98
1086,2300.51
9278,5919.42
1088,5589.50
9280,352.37
1090,7068.67
9282,9885.75
1092,9391.63
9284,8461.55
1094,2788.25
9286,2345.38
1096,7139.29
9288,188.51
1098,1773.52
9290,7665.31
1100,2987.58
9292,9856.04
1102,3012.84
9294,1653.87
1104,3470.15
9296,1377.87
1106,8819.17
9298,9670.74
1108,8419.09
9300,1322.45
1110,5216.63
9302,9509.06
1112,8723.29
9304,9662.47
1114,8716.63
9306,4137.63
1116,186.56
9308,5344.96
1118,4386.26
9310,2728.22
1120,9790.32
9312,396.80
1122,6825.93
9314,3412.84
1124,888.02
9316,2406.95
1126,1588.68
9318,1695.47
1128,9581.74
9320,5750.78
1130,968.55
9322,8143.41
1132,657.70
9324,2852.38
1134,6757.56
9326,9577.37
1136,5704.03
9328,6034.41
1138,7852.28
9330,7411.75
1140,1103.19
9332,667.94
1142,6991.97
9334,2429.00
1144,3363.36
9336,4994.68
1146,1506.36
9338,1458.78
1148,5545.48
9340,5871.88
1150,8039.20
9342,8926.86
1152,1352.28
9344,1820.88
1154,6790.10
9346,7266.93
1156,8891.44
9348,8797.22
1158,6663.23
9350,2276.81
1160,5480.60
9352,596.34
1162,9192.14
9354,5872.83
1164,7093.45
9356,7583.73
1166,4175.64
9358,1796.28
1168,3781.16
9360,5795.21
1170,754.25
9362,7068.24
1172,7450.60
9364,6738.50
1174,656.28
9366,2436.82
1176,1205.11
9368,8595.38
1178,4624.91
9370,5700.65
1180,728.07
9372,9018.00
1182,7103.45
9374,9585.01
1184,3828.14
9376,6154.55
1186,8002.76
9378,1718.72
1188,3716.66
9380,7404.08
1190,7403.78
9382,9633.59
1192,9825.39
9384,1667.99
1194,2249.42
9386,3816.23
1196,5097.17
9388,7346.96
1198,6573.14
9390,618.98
1200,4547.69
9392,3411.50
1202,558.85
9394,4669.05
1204,7969.80
9396,8636.90
1206,6446.53
9398,1320.50
1208,8586.96
9400,3490.75
1210,9559.17
9402,7454.61
1212,2653.84
9404,236.62
1214,5736.82
9406,726.90
1216,8878.42
9408,7624.52
1218,3711.67
9410,3670.40
1220,4518.90
9412,4362.98
1222,4942.56
9414,5088.08
1224,4722.07
9416,8660.50
1226,5746.61
9418,8405.60
1228,6537.24
9420,7791.35
1230,3428.43
9422,9856.31
1232,6412.37
9424,8023.94
1234,4295.04
9426,4642.25
1236,4672.33
9428,3416.74
1238,630.85
9430,6253.55
1240,7372.37
9432,2865.04
1242,3791.19
9434,4456.67
1244,3896.43
9436,1661.73
1246,2152.91
9438,4117.32
1248,8894.94
9440,4326.90
1250,8750.53
9442,7262.96
1252,913.07
9444,1350.04
1254,5863.39
9446,9833.73
1256,7730.68
9448,4279.00
1258,637.46
9450,7067.89
1260,9134.81
9452,8206.79
1262,2062.20
9454,2512.37
1264,640.79
9456,6497.12
1266,2128.50
9458,8701.49
1268,6824.89
9460,8926.38
1270,9193.27
9462,3328.95
1272,7672.49
9464,1934.01
1274,5009.21
9466,1243.29
1276,9829.63
9468,1955.90
1278,8201.92
9470,1014.46
1280,6960.08
9472,5491.10
1282,7132.24
9474,6572.33
1284,9842.09
9476,4681.61
1286,1320.52
9478,9762.13
1288,5032.83
9480,7048.31
1290,7432.82
9482,7419.31
1292,6858.27
9484,6083.19
1294,5992.33
9486,5750.01
1296,4748.02
9488,3770.85
1298,6385.88
9490,971.73
1300,5770.16
9492,2123.37
1302,5955.35
9494,6851.16
1304,8182.29
9496,2583.01
1306,7971.31
9498,9161.13
1308,1416.07
9500,357.35
1310,6828.45
9502,441.86
1312,7817.45
9504,9780.60
1314,4786.95
9506,7694.46
1316,7890.73
9508,9226.59
1318,2746.43
9510,7022.73
1320,2027.08
9512,245.00
1322,3380.04
9514,6231.53
1324,3499.90
9516,5589.34
1326,4787.13
9518,2137.21
1328,7283.49
9520,8299.97
1330,6541.52
9522,8134.51
1332,1868.63
9524,3310.09
1334,9083.18
9526,4227.72
1336,4628.78
9528,4724.93
1338,6635.46
9530,4779.39
1340,3241.68
9532,6139.19
1342,6457.76
9534,8800.66
1344,5016.99
9536,4556.82
1346,7659.44
9538,2891.70
1348,7488.01
9540,1918.41
1350,8598.24
9542,3049.90
1352,503.99
9544,254.42
1354,4758.18
9546,308.67
1356,5197.07
9548,6987.32
1358,4692.97
9550,5069.67
1360,173.04
9552,5813.52
1362,6925.67
9554,4236.35
1364,5442.26
9556,1943.69
1366,9338.68
9558,6364.92
1368,1210.44
9560,5508.92
1370,2484.99
9562,4086.31
1372,9035.91
9564,2211.01
1374,3394.67
9566,5923.40
1376,3543.04
9568,9429.38
1378,7947.83
9570,4806.09
1380,8926.70
9572,9046.34
1382,897.18
9574,9542.99
1384,2294.56
9576,4560.83
1386,8506.31
9578,5882.83
1388,5956.06
9580,707.85
1390,7908.35
9582,8739.72
1392,6043.08
9584,5098.32
1394,9427.22
9586,6417.87
1396,7138.43
9588,5787.77
1398,1899.05
9590,6533.64
1400,8453.02
9592,8649.63
1402,2976.38
9594,6351.98
1404,6673.34
9596,7846.72
1406,4479.16
9598,7195.49
1408,7254.02
9600,4310.68
1410,6466.63
9602,570.59
1412,994.83
9604,1346.84
1414,7452.25
9606,5768.17
1416,9900.66
9608,489.46
1418,6824.30
9610,3188.17
1420,2933.87
9612,1397.04
1422,6705.33
9614,7352.75
1424,8316.16
9616,2359.38
1426,9493.92
9618,6445.18
1428,4950.14
9620,9410.22
1430,9264.04
9622,3012.53
1432,1880.78
9624,8078.34
1434,6969.26
9626,3560.08
1436,4374.34
9628,9201.80
1438,7499.78
9630,5614.43
1440,3850.17
9632,8886.56
1442,2312.47
9634,1959.58
1444,5842.05
9636,1958.10
1446,8890.53
9638,7937.30
1448,2665.32
9640,2217.85
1450,3865.17
9642,5420.55
1452,2534.57
9644,6391.83
1454,5520.84
9646,2854.30
1456,177.48
9648,3790.49
1458,1029.58
9650,6217.37
1460,6739.48
9652,5310.77
1462,6375.54
9654,9439.23
1464,4168.62
9656,5646.10
1466,7076.66
9658,4831.57
1468,3502.71
9660,871.27
1470,4625.09
9662,2011.06
1472,9813.47
9664,9471.28
1474,6892.40
9666,203.14
1476,4738.71
9668,4384.11
1478,3537.41
9670,3873.10
1480,8946.66
9672,5569.76
1482,3097.12
9674,1069.32
1484,8875.29
9676,1669.71
1486,1484.79
9678,4101.47
1488,8171.96
9680,6605.86
1490,5992.91
9682,3973.78
1492,8016.26
9684,6998.99
1494,8643.79
9686,1266.03
1496,7490.16
9688,4178.93
1498,1427.66
9690,1016.13
1500,7165.03
9692,8859.99
1502,3382.54
9694,9248.39
1504,5442.48
9696,9499.55
1506,8992.90
9698,1075.69
1508,5496.76
9700,5208.99
1510,5011.64
9702,6993.76
1512,5107.09
9704,9435.10
1514,3031.01
9706,967.81
1516,285.04
9708,6010.81
1518,1624.75
9710,7885.93
1520,1730.33
9712,4741.70
1522,4936.96
9714,3040.72
1524,9536.63
9716,3387.01
1526,2295.92
9718,9161.15
1528,1914.94
9720,940.82
1530,9263.86
9722,2230.62
1532,2186.83
9724,2667.94
1534,2871.04
9726,8753.79
1536,3472.72
9728,9820.87
1538,5436.82
9730,7079.97
1540,3871.18
9732,2269.24
1542,2890.43
9734,4578.69
1544,9897.68
9736,9626.83
1546,5171.60
9738,2094.90
1548,3240.65
9740,8355.52
1550,8469.93
9742,3173.78
1552,8004.84
9744,4113.93
1554,4070.34
9746,2279.12
1556,6467.04
9748,6937.79
1558,5868.43
9750,1063.24
1560,4504.69
9752,2967.56
1562,6123.12
9754,3948.08
1564,7381.95
9756,9466.23
1566,4341.16
9758,9280.28
1568,4270.71
9760,6776.78
1570,6518.48
9762,6656.81
1572,3954.79
9764,6733.72
1574,7761.65
9766,2004.21
1576,7857.58
9768,4863.71
1578,3982.46
9770,716.90
1580,4167.12
9772,7417.90
1582,683.93
9774,6287.29
1584,6644.38
9776,2087.79
1586,7852.29
9778,9989.43
1588,8731.83
9780,2716.30
1590,1710.63
9782,1213.34
1592,4191.35
9784,8821.54
1594,9393.49
9786,7329.89
1596,6701.57
9788,8037.30
1598,5988.62
9790,1415.16
1600,2248.92
9792,2748.01
1602,3388.80
9794,5175.16
1604,9886.37
9796,4978.10
1606,1368.05
9798,1789.46
1608,341.62
9800,5476.09
1610,862.08
9802,5380.25
1612,790.97
9804,8255.57
1614,7851.61
9806,177.16
1616,2499.28
9808,1397.78
1618,3285.62
9810,7760.41
1620,1763.16
9812,3703.97
1622,2135.23
9814,4748.03
1624,4865.09
9816,8997.06
1626,8167.95
9818,3095.36
1628,6208.28
9820,3418.40
1630,5881.14
9822,4690.32
1632,2554.87
9824,4494.47
1634,737.83
9826,9794.53
1636,7330.91
9828,2455.43
1638,7401.75
9830,1160.59
1640,6147.13
9832,6937.53
1642,154.90
9834,8087.20
1644,891.42
9836,5702.26
1646,6241.20
9838,7283.01
1648,1888.38
9840,8544.19
1650,2975.92
9842,9445.64
1652,9174.97
9844,6740.70
1654,7840.41
9846,7104.88
1656,460.76
9848,2680.46
1658,4527.03
9850,9962.38
1660,9422.57
9852,3490.87
1662,856.03
9854,6151.93
1664,4981.76
9856,8265.15
1666,4944.54
9858,4708.70
1668,5401.50
9860,9805.51
1670,8794.58
9862,3338.68
1672,7653.95
9864,3994.38
1674,2141.31
9866,8801.74
1676,9910.98
9868,821.86
1678,1727.42
9870,8585.99
1680,1841.36
9872,5244.11
1682,7534.54
9874,9109.60
1684,4458.06
9876,5019.22
1686,1523.35
9878,4997.60
1688,7647.11
9880,2838.11
1690,6028.80
9882,6671.40
1692,6988.81
9884,4878.11
1694,7473.33
9886,3257.50
1696,8301.54
9888,6558.21
1698,6698.45
9890,204.13
1700,1070.30
9892,2891.87
1702,2144.26
9894,9442.88
1704,8442.56
9896,3765.29
1706,1795.26
9898,4733.45
1708,2056.99
9900,3376.91
1710,356.01
9902,2998.83
1712,3066.35
9904,5190.83
1714,9319.39
9906,1887.48
1716,7940.67
9908,366.87
1718,7986.87
9910,8609.07
1720,7766.32
9912,6309.10
1722,4026.81
9914,7025.00
1724,1492.21
9916,5085.53
1726,5156.27
9918,7394.28
1728,3435.88
9920,6149.57
1730,5245.28
9922,9438.90
1732,7661.31
9924,7999.68
1734,2972.19
9926,2709.14
1736,7031.36
9928,4693.95
1738,5773.36
9930,8299.22
1740,6312.49
9932,3735.11
1742,5244.01
9934,937.28
1744,9557.98
9936,5086.95
1746,8626.23
9938,3689.98
1748,6322.92
9940,6147.80
1750,5483.05
9942,6364.75
1752,9605.53
9944,6244.25
1754,2124.00
9946,8877.58
1756,9093.08
9948,1916.16
1758,2865.35
9950,7603.62
1760,9741.89
9952,8034.37
1762,7593.79
9954,7451.75
1764,8381.25
9956,9611.22
1766,438.21
9958,7541.58
1768,4495.51
9960,9958.25
1770,4077.56
9962,7691.54
1772,9862.83
9964,5249.94
1774,1273.19
9966,8326.94
1776,6367.16
9968,3662.19
1778,3444.52
9970,6179.83
1780,2785.98
9972,2080.46
1782,9994.04
9974,376.28
1784,1695.73
9976,2670.53
1786,2482.86
9978,8838.03
1788,5294.56
9980,2943.54
1790,6927.90
9982,6180.02
1792,4426.61
9984,3826.64
1794,3140.29
9986,7486.62
1796,2771.94
9988,6247.18
1798,223.40
9990,8330.62
1800,7979.13
9992,9959.48
1802,2254.69
9994,922.00
1804,4035.43
9996,1658.53
1806,4392.56
9998,8010.02
1808,2194.28
10000,4775.77
1810,7354.10
10002,7953.68
1812,9528.83
10004,8167.56
1814,6133.77
10006,7906.42
1816,8409.80
10008,6541.37
1818,8168.36
10010,4092.20
1820,8330.90
10012,8517.16
1822,1819.56
10014,7137.14
1824,8964.61
10016,4591.03
1826,5646.26
10018,2005.53
1828,4848.58
10020,4832.72
1830,7457.04
10022,9468.96
1832,7122.22
10024,2899.19
1834,2738.12
10026,3048.86
1836,1524.73
10028,2797.62
1838,4813.86
10030,231.75
1840,6190.18
10032,3430.30
1842,1886.74
10034,1593.65
1844,2324.56
10036,8754.19
1846,5421.43
10038,3870.71
1848,6973.39
10040,2293.92
1850,5189.13
10042,732.95
1852,6563.88
10044,6864.70
1854,2066.70
10046,6018.87
1856,5517.73
10048,9043.68
1858,145.26
10050,2948.44
1860,9541.61
10052,2221.36
1862,8858.71
10054,9108.58
1864,1457.79
10056,3820.19
1866,5664.69
10058,6374.44
1868,3761.19
10060,3097.16
1870,5276.01
10062,7886.78
1872,3111.35
10064,9163.96
1874,8223.75
10066,1262.87
1876,1657.92
10068,5611.65
1878,2394.00
10070,2423.41
1880,3066.85
10072,7053.56
1882,536.23
10074,3484.03
1884,5190.51
10076,7200.82
1886,1677.95
10078,7091.42
1888,2060.28
10080,2344.23
1890,8296.67
10082,1088.84
1892,3080.70
10084,7330.84
1894,7059.54
10086,2635.45
1896,7048.67
10088,2199.34
1898,4149.81
10090,4796.22
1900,9261.28
10092,280.18
1902,1232.42
10094,6347.36
1904,7767.42
10096,9309.59
1906,6841.95
10098,4122.19
1908,7663.16
10100,7572.58
1910,6200.93
10102,1440.74
1912,8478.51
10104,2937.52
1914,8272.76
10106,6499.33
1916,7036.35
10108,9661.85
1918,290.03
10110,8798.85
1920,7735.10
10112,1605.14
1922,9205.68
10114,8044.02
1924,1642.52
10116,3130.40
1926,1673.42
10118,4777.37
1928,9865.23
10120,503.41
1930,7457.79
10122,3905.89
1932,7925.78
10124,9692.86
1934,8756.89
10126,2575.78
1936,9519.27
10128,3083.97
1938,6093.58
10130,157.60
1940,5519.41
10132,6847.88
1942,612.56
10134,6385.78
1944,3270.92
10136,3638.58
1946,2218.33
10138,7862.90
1948,1333.21
10140,5411.21
1950,4666.53
10142,8910.74
1952,7707.76
10144,1962.63
1954,8104.88
10146,4076.76
1956,5748.23
10148,7370.90
1958,3537.16
10150,2127.54
1960,9337.57
10152,2070.30
1962,9985.05
10154,2405.64
1964,6627.16
10156,7037.21
1966,9242.26
10158,9243.45
1968,8706.83
10160,1674.55
1970,7640.65
10162,7854.30
1972,2546.45
10164,1611.01
1974,1452.37
10166,4735.86
1976,3294.56
10168,5696.27
1978,2860.70
10170,6922.56
1980,5590.80
10172,2227.94
1982,8187.82
10174,4646.31
1984,974.10
10176,2283.00
1986,5752.69
10178,5702.84
1988,438.62
10180,5664.19
1990,6386.70
10182,1984.66
1992,4754.68
10184,8925.60
1994,8385.94
10186,7634.60
1996,8966.49
10188,4075.17
1998,4591.16
10190,4183.20
2000,1777.96
10192,856.73
2002,9073.77
10194,7216.42
2004,511.46
10196,5168.69
2006,4419.31
10198,4260.58
2008,1103.35
10200,9802.67
2010,984.86
10202,3629.12
2012,7851.13
10204,132.01
2014,5747.82
10206,2374.35
2016,595.26
10208,2051.80
2018,5220.66
10210,7430.53
2020,5626.99
10212,4835.85
2022,3209.82
10214,7358.21
2024,9930.31
10216,4020.02
2026,3252.20
10218,4223.57
2028,7364.74
10220,6775.29
2030,4173.70
10222,8678.45
2032,6129.26
10224,9590.67
2034,1096.88
10226,5443.91
2036,931.31
10228,7373.48
2038,9963.61
10230,3121.41
2040,9195.44
10232,9409.81
2042,3821.01
10234,4456.40
2044,4927.94
10236,8298.00
2046,1473.89
10238,1590.69
2048,3384.35
10240,770.11
2050,2588.51
10242,520.44
2052,8063.35
10244,5632.83
2054,1998.06
10246,2028.96
2056,760.49
10248,9533.11
2058,7896.25
10250,946.83
2060,4537.86
10252,8351.19
2062,3902.54
10254,8032.32
2064,829.72
10256,403.47
2066,1074.76
10258,4141.06
2068,9799.18
10260,6646.02
2070,8919.34
10262,4239.81
2072,8973.85
10264,9807.37
2074,2570.48
10266,416.04
2076,3431.15
10268,6613.55
2078,9495.71
10270,6263.58
2080,4695.14
10272,8658.16
2082,8002.40
10274,4088.43
2084,2148.71
10276,4322.48
2086,2096.55
10278,4528.83
2088,8349.64
10280,4703.88
2090,9707.87
10282,1861.05
2092,6715.21
10284,1957.89
2094,4806.50
10286,808.86
2096,7284.41
10288,759.51
2098,5908.54
10290,6462.08
2100,3246.88
10292,7073.61
2102,5356.56
10294,8461.95
2104,402.81
10296,9604.34
2106,3532.46
10298,3817.69
2108,3939.21
10300,2396.23
2110,3743.92
10302,4852.37
2112,1553.10
10304,1479.76
2114,327.47
10306,5863.34
2116,6684.88
10308,1562.49
2118,1728.53
10310,4874.51
2120,6525.28
10312,243.68
2122,9138.21
10314,8537.15
2124,9863.65
10316,8870.50
2126,7189.58
10318,4579.46
2128,8655.10
10320,2396.21
2130,367.75
10322,1956.52
2132,2230.99
10324,123.74
2134,5230.67
10326,8883.73
2136,2768.36
10328,4851.96
2138,3669.69
10330,1948.07
2140,5635.06
10332,7816.92
2142,875.63
10334,9004.35
2144,1943.47
10336,1368.32
2146,3123.04
10338,5633.85
2148,6036.57
10340,1753.95
2150,2263.79
10342,9032.27
2152,1077.28
10344,7312.37
2154,4238.59
10346,1733.43
2156,1641.82
10348,9572.46
2158,6025.19
10350,7803.78
2160,6160.08
10352,2963.87
2162,1886.60
10354,4129.90
2164,3031.74
10356,1074.33
2166,2830.30
10358,2693.77
2168,6757.07
10360,8159.40
2170,3731.14
10362,935.32
2172,3528.49
10364,8399.96
2174,3321.35
10366,4574.36
2176,6851.07
10368,7248.79
2178,6866.10
10370,3434.74
2180,549.03
10372,6512.21
2182,4372.80
10374,2356.58
2184,9696.95
10376,4911.62
2186,9783.05
10378,1284.61
2188,7661.89
10380,4272.38
2190,129.76
10382,4715.49
2192,1355.72
10384,7912.89
2194,3279.91
10386,3792.51
2196,6361.53
10388,729.47
2198,6873.37
10390,6657.32
2200,9405.02
10392,3953.27
2202,9127.45
10394,9910.25
2204,4435.64
10396,3941.47
2206,4791.52
10398,1709.23
2208,2274.55
10400,5391.82
2210,2073.49
10402,3403.34
2212,6980.31
10404,8777.86
2214,2748.41
10406,8102.04
2216,9545.77
10408,3063.32
2218,9192.60
10410,6245.68
2220,2245.90
10412,7638.33
2222,4660.94
10414,8208.27
2224,1044.05
10416,2501.85
2226,1641.52
10418,1939.11
2228,7403.16
10420,5229.55
2230,8807.86
10422,8168.71
2232,5420.30
10424,9708.16
2234,9090.80
10426,7218.14
2236,1235.50
10428,6187.53
2238,9946.95
10430,2033.12
2240,2225.54
10432,2887.07
2242,6834.33
10434,805.69
2244,7873.93
10436,9235.58
2246,4889.70
10438,9232.35
2248,7829.93
10440,1598.52
2250,7091.07
10442,8270.22
2252,6714.31
10444,1230.11
2254,5536.83
10446,5733.85
2256,8387.41
10448,8026.97
2258,8795.07
10450,5965.59
2260,6473.44
10452,6985.45
2262,2633.80
10454,7075.58
2264,9524.26
10456,2436.01
2266,4544.76
10458,3578.97
2268,8785.62
10460,6299.81
2270,8861.76
10462,6539.76
2272,5248.42
10464,4662.92
2274,6491.07
10466,8089.53
2276,4120.23
10468,8998.00
2278,179.67
10470,7583.16
2280,5689.62
10472,3611.90
2282,689.13
10474,8900.92
2284,6886.02
10476,3040.96
2286,4455.44
10478,6411.14
2288,2095.63
10480,7629.78
2290,7091.76
10482,1606.35
2292,309.25
10484,6830.53
2294,3957.08
10486,2262.33
2296,6630.85
10488,4712.04
2298,1392.44
10490,7452.24
2300,8678.30
10492,4176.93
2302,3473.90
10494,4045.42
2304,3791.22
10496,188.18
2306,8378.35
10498,2214.15
2308,6260.82
10500,9886.14
2310,5022.66
10502,774.55
2312,1250.00
10504,1960.62
2314,9437.31
10506,4051.40
2316,4509.81
10508,8319.20
2318,7903.52
10510,4926.60
2320,982.83
10512,172.26
2322,6729.96
10514,6352.32
2324,2218.37
10516,7174.54
2326,6076.07
10518,5698.85
2328,4455.81
10520,1480.09
2330,1490.33
10522,2735.83
2332,3356.03
10524,6718.74
2334,4291.41
10526,6360.00
2336,8167.08
10528,7153.66
2338,836.10
10530,9360.10
2340,8032.45
10532,5508.77
2342,2789.98
10534,6850.76
2344,713.92
10536,4394.46
2346,2087.11
10538,113.04
2348,4081.22
10540,3455.99
2350,9099.20
10542,954.57
2352,4255.45
10544,5623.90
2354,6216.16
10546,4969.26
2356,5572.59
10548,5860.37
2358,1603.81
10550,4423.70
2360,6829.60
10552,6934.07
2362,2523.35
10554,937.80
2364,1829.39
10556,5058.23
2366,6150.14
10558,2347.19
2368,2271.59
10560,1563.79
2370,5063.01
10562,9788.29
2372,3002.40
10564,2341.22
2374,8797.51
10566,7735.84
2376,3680.29
10568,6016.56
2378,902.81
10570,7326.97
2380,2073.47
10572,1631.01
2382,1129.31
10574,786.91
2384,6531.80
10576,1367.11
2386,9719.36
10578,6507.72
2388,122.53
10580,5296.16
2390,2650.07
10582,8909.43
2392,1637.08
10584,5696.71
2394,4954.78
10586,5632.00
2396,740.33
10588,9572.40
2398,2016.07
10590,5942.02
2400,9183.47
10592,1411.52
2402,9581.07
10594,8609.53
2404,216.97
10596,7737.59
2406,4936.00
10598,4785.60
2408,8711.25
10600,3215.38
2410,1026.30
10602,9204.37
2412,7167.22
10604,1934.52
2414,8016.88
10606,5865.22
2416,6235.96
10608,9511.51
2418,6463.87
10610,7922.98
2420,1710.68
10612,9802.52
2422,1416.63
10614,5009.70
2424,2221.33
10616,500.90
2426,2197.52
10618,8528.54
2428,3514.30
10620,7440.23
2430,5000.97
10622,6417.63
2432,4633.73
10624,3695.99
2434,6118.73
10626,1487.57
2436,7438.87
10628,1909.36
2438,5391.01
10630,1311.28
2440,9061.10
10632,9403.62
2442,6019.25
10634,6638.80
2444,8917.92
10636,1913.69
2446,411.20
10638,3451.92
2448,9845.98
10640,9748.52
2450,3397.90
10642,2463.67
2452,2299.30
10644,3717.60
2454,401.40
10646,8649.38
2456,8340.58
10648,1977.13
2458,5722.66
10650,7794.26
2460,6959.47
10652,983.88
2462,3639.73
10654,7151.68
2464,2177.54
10656,8014.51
2466,999.37
10658,5812.99
2468,8630.67
10660,2148.45
2470,2327.74
10662,8148.72
2472,8213.64
10664,5315.53
2474,3000.94
10666,6467.62
2476,1549.67
10668,5123.20
2478,1846.60
10670,5997.12
2480,2464.21
10672,4896.71
2482,4903.12
10674,7337.90
2484,5658.92
10676,5013.29
2486,2424.83
10678,7118.09
2488,7947.71
10680,448.73
2490,9687.54
10682,3735.42
2492,3574.85
10684,6159.23
2494,497.94
10686,7398.48
2496,1705.98
10688,775.83
2498,2646.50
10690,7116.38
2500,2917.27
10692,4219.51
2502,4654.66
10694,663.92
2504,2104.95
10696,8672.46
2506,3924.71
10698,3897.59
2508,8600.35
10700,2323.87
2510,6503.24
10702,4644.79
2512,5765.18
10704,2139.19
2514,4795.37
10706,8796.50
2516,9722.46
10708,8624.03
2518,2511.29
10710,5115.72
2520,1470.95
10712,7741.54
2522,8380.71
10714,4604.12
2524,9402.04
10716,4236.10
2526,4630.63
10718,6471.50
2528,5553.40
10720,4607.84
2530,4948.19
10722,2832.47
2532,681.51
10724,1237.12
2534,8022.17
10726,3312.95
2536,6674.54
10728,7371.53
2538,9411.89
10730,8027.19
2540,379.84
10732,2729.44
2542,313.56
10734,9133.74
2544,7133.81
10736,9139.76
2546,1984.47
10738,5115.74
2548,7491.64
10740,8590.54
2550,2524.21
10742,6759.90
2552,2918.82
10744,1408.43
2554,2890.17
10746,402.74
2556,2097.44
10748,5749.79
2558,4867.54
10750,5235.35
2560,526.19
10752,7278.94
2562,673.05
10754,2259.89
2564,9389.95
10756,188.54
2566,7432.42
10758,150.80
2568,3370.29
10760,2114.64
2570,2368.04
10762,5784.25
2572,3157.88
10764,8253.25
2574,288.50
10766,3969.19
2576,9357.76
10768,5208.17
2578,2031.22
10770,6561.78
2580,2996.15
10772,6351.45
2582,7058.78
10774,1701.28
2584,5692.75
10776,3447.11
2586,8689.19
10778,8257.53
2588,4090.65
10780,5641.41
2590,1775.53
10782,5764.91
2592,9114.75
10784,8013.11
2594,6124.91
10786,8427.37
2596,8065.19
10788,699.81
2598,3191.95
10790,1790.51
2600,8269.92
10792,7785.55
2602,3276.24
10794,3410.40
2604,6590.53
10796,7155.30
2606,8458.94
10798,1322.82
2608,8875.14
10800,2400.92
2610,4618.47
10802,9228.95
2612,6257.49
10804,2352.28
2614,7043.86
10806,6557.99
2616,2623.68
10808,7600.82
2618,4267.18
10810,4262.47
2620,5116.77
10812,4117.44
2622,912.62
10814,1869.03
2624,8263.17
10816,1268.64
2626,8965.55
10818,4237.65
2628,5536.05
10820,8988.15
2630,6035.70
10822,4904.69
2632,9365.51
10824,3502.18
2634,6246.21
10826,6357.45
2636,2355.85
10828,588.06
2638,8253.35
10830,3222.64
2640,659.66
10832,5041.54
2642,9180.38
10834,5651.90
2644,4392.89
10836,4301.76
2646,324.82
10838,127.99
2648,7602.70
10840,5378.80
2650,7507.63
10842,1994.14
2652,2970.28
10844,1023.44
2654,2848.35
10846,1991.93
2656,4494.16
10848,3333.93
2658,9687.73
10850,9192.93
2660,3329.41
10852,8348.55
2662,7995.56
10854,895.05
2664,7091.30
10856,7227.92
2666,9233.42
10858,1894.43
2668,4386.97
10860,4689.50
2670,2807.84
10862,4372.68
2672,6194.19
10864,5936.52
2674,6898.96
10866,8892.98
2676,6451.12
10868,4128.77
2678,5656.84
10870,1555.47
2680,410.68
10872,367.44
2682,2594.77
10874,6698.50
2684,4968.43
10876,7123.73
2686,4113.08
10878,1956.91
2688,7935.81
10880,6040.19
2690,583.17
10882,8909.85
2692,9479.58
10884,4736.67
2694,9908.71
10886,9499.48
2696,4033.36
10888,9966.78
2698,8356.61
10890,4184.39
2700,9920.58
10892,5246.57
2702,8509.99
10894,8627.08
2704,543.87
10896,5560.38
2706,8865.80
10898,1244.14
2708,5028.51
10900,7269.45
2710,780.11
10902,4363.25
2712,9197.53
10904,1377.07
2714,9396.20
10906,7702.46
2716,1993.18
10908,8356.64
2718,9111.79
10910,7999.65
2720,7961.95
10912,6167.79
2722,6450.40
10914,996.94
2724,2517.05
10916,8730.52
2726,7755.15
10918,9704.68
2728,3333.67
10920,5351.32
2730,5537.83
10922,6206.62
2732,6357.63
10924,4024.44
2734,3229.76
10926,3796.39
2736,1790.56
10928,7905.07
2738,2438.75
10930,9019.89
2740,5304.26
10932,6311.50
2742,629.30
10934,4217.08
2744,6028.37
10936,7749.86
2746,5484.43
10938,3326.00
2748,2701.18
10940,1234.00
2750,9968.92
10942,7292.20
2752,304.10
10944,4009.65
2754,9997.86
10946,3584.52
2756,9984.27
10948,4361.71
2758,6764.51
10950,6045.47
2760,1162.52
10952,9062.68
2762,1158.11
10954,2563.66
2764,3618.10
10956,6619.28
2766,1147.66
10958,2732.50
2768,9009.19
10960,5723.81
2770,8377.51
10962,7305.52
2772,708.17
10964,7418.14
2774,5112.06
10966,7077.34
2776,9576.39
10968,1367.93
2778,2754.27
10970,1496.24
2780,1079.60
10972,2257.94
2782,7431.14
10974,5138.92
2784,2616.40
10976,2038.86
2786,6863.71
10978,6805.20
2788,7623.79
10980,5516.06
2790,5019.15
10982,5881.89
2792,9763.44
10984,9718.96
2794,6863.17
10986,8109.79
2796,2392.12
10988,7054.06
2798,5610.09
10990,1113.23
2800,6195.19
10992,7922.18
2802,1376.40
10994,6856.35
2804,7929.54
10996,6259.50
2806,1892.22
10998,8113.17
2808,4327.23
2810,7705.96
2812,3085.03
2814,5648.07
2816,1048.30
2818,1577.16
2820,1450.54
2822,8908.81
2824,7997.90
2826,3978.96
2828,7763.32
2830,2129.43
2832,9548.24
2834,5128.42
2836,5970.09
2838,338.22
2840,1291.73
2842,1459.60
2844,1399.74
2846,9714.13
2848,4679.39
2850,7860.32
2852,706.78
2854,6298.94
2856,8006.94
2858,5105.01
2860,4828.96
2862,1275.98
2864,6517.93
2866,6537.60
2868,1830.30
2870,5128.94
2872,9368.16
2874,9141.42
2876,6423.72
2878,5240.22
2880,8840.92
2882,8564.98
2884,1434.05
2886,2753.28
2888,6606.76
2890,4153.75
2892,6689.71
2894,1179.69
2896,1425.50
2898,315.42
2900,5956.72
2902,4708.25
2904,9680.44
2906,9405.57
2908,6863.19
2910,5842.28
2912,3666.91
2914,2289.91
2916,4507.49
2918,7425.39
2920,8798.78
2922,5744.95
2924,2223.79
2926,6322.65
2928,4017.12
2930,5896.39
2932,4817.31
2934,3286.85
2936,8669.90
2938,4496.58
2940,593.42
2942,817.14
2944,7390.17
2946,6960.06
2948,6992.27
2950,9377.05
2952,4408.16
2954,7129.39
2956,8355.77
2958,2026.08
2960,9022.64
2962,2062.02
2964,3754.34
2966,203.46
2968,9688.77
2970,9780.31
2972,6972.92
2974,7420.12
2976,4642.31
2978,5928.36
2980,3525.04
2982,9693.04
2984,654.74
2986,1130.89
2988,8512.90
2990,6025.85
2992,341.24
2994,5388.75
2996,5053.23
2998,2506.48
3000,3600.83
3002,197.30
3004,9524.78
3006,8566.97
3008,9895.37
3010,1763.31
3012,5929.94
3014,1693.85
3016,474.33
3018,4501.66
3020,7842.49
3022,3570.58
3024,9278.62
3026,6786.13
3028,5444.56
3030,8532.86
3032,7550.79
3034,8175.33
3036,179.94
3038,8447.10
3040,4781.23
3042,755.31
3044,1935.11
3046,7711.65
3048,5520.20
3050,3862.52
3052,4801.52
3054,1845.14
3056,2524.05
3058,8742.67
3060,4086.23
3062,6262.20
3064,5993.83
3066,617.87
3068,3068.50
3070,1596.26
3072,7328.91
3074,463.50
3076,4798.75
3078,6650.28
3080,9986.70
3082,9976.42
3084,434.74
3086,2074.79
3088,1944.28
3090,6588.87
3092,1897.30
3094,4713.66
3096,3569.91
3098,6354.99
3100,4565.59
3102,7938.83
3104,3423.78
3106,1986.88
3108,1383.19
3110,5165.95
3112,2430.33
3114,4175.50
3116,3936.27
3118,9670.31
3120,8955.07
3122,9080.52
3124,1801.32
3126,1587.59
3128,2904.43
3130,6632.37
3132,1453.82
3134,2001.44
3136,3512.66
3138,8625.56
3140,1948.53
3142,1387.53
3144,3959.92
3146,1043.18
3148,826.38
3150,4116.79
3152,6454.41
3154,5576.97
3156,727.98
3158,6001.42
3160,9739.43
3162,9692.45
3164,705.16
3166,3342.00
3168,5713.46
3170,2557.02
3172,9449.14
3174,3722.26
3176,7293.48
3178,8036.37
3180,7878.89
3182,7062.46
3184,3302.79
3186,4030.64
3188,9049.48
3190,4887.12
3192,940.96
3194,6976.24
3196,3181.95
3198,7707.37
3200,7173.81
3202,7822.58
3204,565.01
3206,7611.36
3208,7979.02
3210,240.65
3212,2585.14
3214,5516.19
3216,8055.15
3218,112.67
3220,7683.68
3222,4248.62
3224,9445.94
3226,9465.21
3228,3643.82
3230,7519.64
3232,8654.48
3234,2309.37
3236,8291.75
3238,1270.92
3240,1854.21
3242,981.28
3244,9231.54
3246,9653.77
3248,3036.58
3250,3090.87
3252,6284.62
3254,4479.99
3256,4083.77
3258,5093.56
3260,8321.16
3262,3971.62
3264,3791.53
3266,6762.58
3268,8732.40
3270,7516.81
3272,4857.77
3274,8131.26
3276,9332.16
3278,2224.63
3280,5174.52
3282,9103.42
3284,1981.67
3286,2906.75
3288,5777.11
3290,5726.29
3292,1064.57
3294,5295.35
3296,958.67
3298,7338.28
3300,9900.67
3302,9492.66
3304,3767.25
3306,3409.99
3308,8899.86
3310,4013.56
3312,2307.55
3314,5609.74
3316,1733.09
3318,2562.30
3320,6156.56
3322,3021.90
3324,9742.50
3326,1217.74
3328,5664.37
3330,5311.89
3332,5269.47
3334,5829.16
3336,8020.30
3338,3222.67
3340,7722.59
3342,7583.12
3344,1128.53
3346,596.18
3348,6725.19
3350,6150.69
3352,7541.85
3354,6109.22
3356,717.79
3358,4573.23
3360,1292.84
3362,3712.26
3364,1961.43
3366,3355.63
3368,4557.57
3370,7100.17
3372,8790.23
3374,9356.92
3376,4309.36
3378,2202.38
3380,1423.67
3382,1588.03
3384,4323.39
3386,9111.38
3388,1746.76
3390,2967.76
3392,8009.10
3394,6796.29
3396,2977.68
3398,5508.29
3400,2092.00
3402,4355.20
3404,2692.13
3406,5420.20
3408,8075.24
3410,6530.29
3412,6629.34
3414,2030.00
3416,1103.26
3418,6722.21
3420,1028.58
3422,200.36
3424,738.26
3426,4274.22
3428,2737.98
3430,7826.69
3432,5996.41
3434,8413.91
3436,9336.39
3438,177.44
3440,4748.79
3442,2886.91
3444,8999.72
3446,5446.59
3448,7370.22
3450,3358.22
3452,9317.97
3454,6916.48
3456,7985.09
3458,4241.27
3460,840.72
3462,9951.21
3464,5440.95
3466,2047.35
3468,9355.25
3470,4057.18
3472,5450.58
3474,4536.68
3476,8464.74
3478,9954.04
3480,3203.33
3482,3105.66
3484,5589.07
3486,3107.72
3488,8120.21
3490,9344.36
3492,2541.70
3494,4065.52
3496,865.35
3498,8539.64
3500,3975.06
3502,3914.76
3504,2356.07
3506,8678.50
3508,6679.67
3510,6210.46
3512,613.27
3514,2480.07
3516,2823.66
3518,9174.96
3520,8581.76
3522,8754.08
3524,634.51
3526,140.40
3528,4371.25
3530,5992.08
3532,5287.80
3534,7616.77
3536,6451.37
3538,1788.01
3540,4794.11
3542,4199.58
3544,845.33
3546,2300.67
3548,656.56
3550,442.90
3552,194.65
3554,3446.65
3556,2350.00
3558,6387.96
3560,5371.26
3562,823.21
3564,8149.11
3566,9598.75
3568,1967.29
3570,5175.82
3572,1249.51
3574,7866.25
3576,2950.82
3578,7042.46
3580,5096.05
3582,9592.01
3584,2241.99
3586,5009.02
3588,3822.70
3590,6152.52
3592,1970.43
3594,9390.92
3596,816.66
3598,122.32
3600,3035.75
3602,6131.72
3604,8640.51
3606,8093.17
3608,2781.61
3610,7474.74
3612,9748.29
3614,1676.44
3616,7173.02
3618,3817.24
3620,7931.64
3622,374.27
3624,9171.91
3626,638.09
3628,9964.66
3630,4313.97
3632,8797.04
3634,4534.53
3636,7246.74
3638,3839.56
3640,4126.02
3642,4861.94
3644,3402.74
3646,2950.52
3648,9442.65
3650,4407.75
3652,8657.58
3654,6314.23
3656,1193.42
3658,7979.02
3660,7256.27
3662,9541.29
3664,6537.43
3666,4622.59
3668,5881.70
3670,5929.75
3672,3163.15
3674,3996.31
3676,7282.42
3678,7668.48
3680,2494.63
3682,5306.72
3684,6651.75
3686,1460.75
3688,9149.00
3690,9676.38
3692,6966.29
3694,1273.00
3696,3512.84
3698,6208.77
3700,7946.59
3702,4811.39
3704,9182.01
3706,1447.69
3708,3767.40
3710,5485.92
3712,750.01
3714,7854.20
3716,856.20
3718,5690.56
3720,6292.09
3722,8654.86
3724,2813.59
3726,2633.79
3728,8592.20
3730,7885.40
3732,1262.93
3734,6301.63
3736,3585.86
3738,8089.74
3740,5461.59
3742,8104.15
3744,4571.41
3746,4157.80
3748,7808.77
3750,5675.18
3752,6182.08
3754,6985.17
3756,4000.85
3758,3489.80
3760,6364.74
3762,1571.18
3764,6247.31
3766,2785.03
3768,3807.88
3770,4241.37
3772,590.74
3774,3501.52
3776,7666.22
3778,1540.42
3780,4361.53
3782,4469.28
3784,3654.50
3786,990.34
3788,3522.88
3790,8818.07
3792,1993.44
3794,4631.58
3796,5528.65
3798,9983.32
3800,1187.26
3802,4530.03
3804,6050.78
3806,9754.76
3808,468.69
3810,4733.32
3812,1321.34
3814,3404.95
3816,6100.42
3818,8191.32
3820,2634.73
3822,6685.45
3824,6522.67
3826,8590.06
3828,5891.93
3830,4131.98
3832,5311.28
3834,7529.71
3836,4005.90
3838,4150.78
3840,9683.36
3842,8111.05
3844,4271.77
3846,5744.90
3848,7289.65
3850,315.91
3852,7246.61
3854,7379.54
3856,5268.39
3858,5874.60
3860,3455.64
3862,1383.91
3864,1862.00
3866,149.01
3868,4862.56
3870,7905.46
3872,4471.27
3874,9401.63
3876,5342.75
3878,1465.16
3880,9070.44
3882,4870.59
3884,2527.26
3886,5924.54
3888,6874.40
3890,1986.88
3892,4777.60
3894,2440.60
3896,5584.70
3898,2728.91
3900,7845.51
3902,6254.69
3904,6730.71
3906,2962.25
3908,1799.65
3910,2175.35
3912,7164.59
3914,4068.52
3916,5885.12
3918,6714.18
3920,5255.89
3922,2990.67
3924,8180.28
3926,3913.64
3928,5726.39
3930,765.58
3932,5995.62
3934,7520.22
3936,1192.58
3938,5035.02
3940,6994.52
3942,4428.29
3944,728.12
3946,9829.54
3948,3775.82
3950,535.82
3952,1215.63
3954,7384.83
3956,8378.14
3958,2563.08
3960,7313.83
3962,1614.99
3964,278.82
3966,3897.80
3968,4757.03
3970,430.24
3972,3426.84
3974,2577.26
3976,2568.59
3978,6480.65
3980,3857.28
3982,3863.69
3984,148.34
3986,7128.78
3988,8868.97
3990,6588.60
3992,3677.11
3994,8589.36
3996,4392.60
3998,1755.13
4000,9238.75
4002,6488.21
4004,557.94
4006,2156.99
4008,707.56
4010,8961.48
4012,1601.67
4014,9823.61
4016,5479.78
4018,9376.70
4020,5137.13
4022,6592.18
4024,8602.95
4026,9794.78
4028,809.20
4030,3103.94
4032,4532.20
4034,2830.73
4036,6742.24
4038,1042.50
4040,319.37
4042,1339.31
4044,8363.97
4046,7538.10
4048,9608.93
4050,503.59
4052,9875.95
4054,6021.22
4056,903.64
4058,3210.72
4060,9206.70
4062,2456.43
4064,2058.73
4066,9860.64
4068,887.28
4070,5920.52
4072,4247.09
4074,1497.07
4076,2159.51
4078,3966.18
4080,7709.96
4082,109.06
4084,9958.69
4086,9574.95
4088,5961.50
4090,912.95
4092,7048.84
4094,7109.76
4096,7371.57
4098,4237.80
4100,8804.39
4102,5504.56
4104,4191.15
4106,6061.16
4108,7286.13
4110,3944.62
4112,1983.76
4114,4553.19
4116,2867.09
4118,9391.49
4120,8791.10
4122,2178.04
4124,6397.57
4126,3872.06
4128,5097.13
4130,5656.89
4132,2746.63
4134,777.58
4136,9429.84
4138,3699.23
4140,996.36
4142,7877.64
4144,7482.50
4146,5045.80
4148,5418.67
4150,4306.53
4152,6717.61
4154,6632.52
4156,7058.53
4158,5782.21
4160,8163.15
4162,1355.44
4164,8703.09
4166,7955.55
4168,8919.64
4170,7313.10
4172,3831.96
4174,9433.52
4176,2392.94
4178,9821.91
4180,4607.86
4182,1850.65
4184,2778.79
4186,6054.75
4188,6417.86
4190,1379.12
4192,3360.16
4194,5655.10
4196,6604.08
4198,1926.65
4200,2730.69
4202,6593.00
4204,8541.19
4206,1579.60
4208,1189.11
4210,2674.92
4212,1574.93
4214,4160.10
4216,7096.60
4218,6143.78
4220,1618.14
4222,7694.77
4224,1576.46
4226,6023.10
4228,5031.52
4230,2087.97
4232,9906.56
4234,349.17
4236,2337.15
4238,6439.94
4240,5830.97
4242,5257.44
4244,4209.79
4246,4058.59
4248,1478.01
4250,3537.71
4252,2545.89
4254,5114.49
4256,3130.39
4258,5709.83
4260,5773.45
4262,6467.30
4264,9757.41
4266,6009.08
4268,1276.72
4270,2108.01
4272,6305.48
4274,663.15
4276,1354.01
4278,9953.09
4280,5516.89
4282,7528.79
4284,7196.97
4286,606.27
4288,9827.33
4290,600.75
4292,922.18
4294,1106.82
4296,1825.54
4298,2654.29
4300,7651.44
4302,335.12
4304,9276.41
4306,2668.35
4308,4755.07
4310,5655.95
4312,7863.54
4314,6229.64
4316,467.18
4318,6819.24
4320,6212.42
4322,8574.87
4324,5711.24
4326,4467.46
4328,7388.10
4330,4494.24
4332,8441.34
4334,405.94
4336,4529.25
4338,6475.52
4340,1359.21
4342,5461.45
4344,8674.22
4346,5992.01
4348,9993.53
4350,9109.22
4352,9889.13
4354,9208.52
4356,9155.79
4358,9615.89
4360,5707.95
4362,9976.72
4364,157.37
4366,1839.61
4368,182.64
4370,2927.26
4372,6452.52
4374,1905.53
4376,1704.75
4378,997.69
4380,3944.04
4382,8584.71
4384,8546.43
4386,7078.99
4388,578.29
4390,394.92
4392,2883.96
4394,3044.92
4396,1687.50
4398,3254.01
4400,9961.19
4402,6118.84
4404,3755.52
4406,4428.28
4408,9398.39
4410,9341.77
4412,9626.85
4414,5395.20
4416,2028.29
4418,4385.17
4420,9958.00
4422,6973.85
4424,605.85
4426,5610.03
4428,7531.54
4430,3475.68
4432,6314.02
4434,4710.13
4436,4362.82
4438,9833.19
4440,8245.69
4442,7100.01
4444,5979.22
4446,1583.29
4448,4264.22
4450,4676.25
4452,8234.72
4454,1667.12
4456,5385.14
4458,2264.88
4460,9734.01
4462,7302.16
4464,2034.57
4466,314.82
4468,3569.93
4470,5222.91
4472,9361.78
4474,9824.33
4476,1238.18
4478,5403.55
4480,6830.40
4482,9120.03
4484,9379.57
4486,8979.08
4488,9090.80
4490,1848.80
4492,5192.17
4494,1528.13
4496,8125.79
4498,252.53
4500,5307.41
4502,4234.39
4504,9389.64
4506,4545.38
4508,2537.17
4510,6083.83
4512,3051.97
4514,578.04
4516,1941.75
4518,301.04
4520,5041.79
4522,907.91
4524,6980.75
4526,5223.56
4528,3378.12
4530,9122.78
4532,7599.40
4534,7242.49
4536,253.11
4538,6143.71
4540,6797.18
4542,8692.94
4544,2535.13
4546,1060.46
4548,151.42
4550,8070.76
4552,1649.37
4554,3104.63
4556,6015.53
4558,5299.19
4560,3194.50
4562,1839.73
4564,5566.04
4566,6503.88
4568,7659.90
4570,8837.04
4572,8927.85
4574,4123.11
4576,3547.50
4578,1720.88
4580,2196.63
4582,7227.38
4584,9466.96
4586,8329.08
4588,2497.11
4590,678.66
4592,6128.11
4594,1948.74
4596,9153.09
4598,9223.77
4600,9604.20
4602,9364.26
4604,4589.06
4606,308.56
4608,8735.58
4610,3532.61
4612,454.06
4614,7539.70
4616,4435.07
4618,2098.79
4620,2658.83
4622,6599.75
4624,9716.26
4626,8475.28
4628,3518.90
4630,7294.14
4632,6750.36
4634,5183.99
4636,4368.68
4638,5424.85
4640,303.06
4642,778.99
4644,9319.56
4646,7580.78
4648,9541.85
4650,2188.70
4652,6547.53
4654,8145.94
4656,9626.17
4658,8017.39
4660,4210.19
4662,1661.68
4664,2258.88
4666,6631.52
4668,9018.81
4670,3975.17
4672,7998.32
4674,3323.58
4676,2158.91
4678,2103.37
4680,6693.07
4682,3515.01
4684,564.55
4686,5143.70
4688,9681.42
4690,1100.09
4692,9680.44
4694,643.26
4696,591.82
4698,6938.08
4700,8718.14
4702,9393.43
4704,3668.14
4706,3751.43
4708,4877.19
4710,395.02
4712,8950.21
4714,4455.96
4716,1898.63
4718,4561.06
4720,3099.13
4722,137.94
4724,6365.39
4726,4220.48
4728,5975.47
4730,2978.76
4732,4358.64
4734,9833.28
4736,2081.13
4738,1442.60
4740,2862.68
4742,8716.39
4744,4918.82
4746,8308.39
4748,873.38
4750,4756.32
4752,4579.96
4754,9828.08
4756,7633.58
4758,6409.65
4760,2786.98
4762,4617.80
4764,877.23
4766,6925.12
4768,2306.19
4770,9942.28
4772,7696.58
4774,2432.36
4776,9985.19
4778,6798.24
4780,7780.17
4782,4998.06
4784,8759.86
4786,258.91
4788,2936.15
4790,8100.75
4792,6654.94
4794,6757.43
4796,5529.06
4798,7918.79
4800,1883.80
4802,9627.62
4804,6080.06
4806,436.76
4808,5943.91
4810,9450.61
4812,420.28
4814,6793.91
4816,9312.81
4818,8066.77
4820,7079.00
4822,3072.87
4824,7618.92
4826,6496.38
4828,8677.60
4830,5851.98
4832,3844.01
4834,1966.40
4836,8974.41
4838,1850.33
4840,7490.57
4842,8121.34
4844,2332.14
4846,3178.56
4848,1437.01
4850,2388.31
4852,740.67
4854,6938.65
4856,5472.53
4858,6424.80
4860,6145.93
4862,2569.47
4864,6631.01
4866,1811.89
4868,9849.35
4870,4121.66
4872,3441.64
4874,3217.71
4876,470.28
4878,6034.53
4880,7563.49
4882,9700.10
4884,2676.76
4886,4208.93
4888,1745.47
4890,329.37
4892,9440.29
4894,7570.07
4896,6255.70
4898,6286.53
4900,7881.59
4902,3841.51
4904,6030.18
4906,845.25
4908,4280.97
4910,282.50
4912,6619.49
4914,377.24
4916,668.75
4918,713.07
4920,7569.05
4922,9776.84
4924,6222.82
4926,5311.47
4928,6375.92
4930,3277.15
4932,8941.13
4934,2324.54
4936,7080.52
4938,4114.59
4940,7359.50
4942,8263.96
4944,5729.20
4946,7753.77
4948,2766.03
4950,8562.15
4952,5126.70
4954,9975.16
4956,7432.80
4958,5599.16
4960,5052.96
4962,4902.52
4964,8655.54
4966,3939.34
4968,832.34
4970,7139.32
4972,3242.52
4974,9609.17
4976,1074.25
4978,7373.01
4980,6833.76
4982,5422.09
4984,7797.59
4986,4170.52
4988,128.88
4990,1434.26
4992,4208.32
4994,971.45
4996,7063.72
4998,5620.05
5000,1841.11
5002,8084.74
5004,6578.50
5006,9667.68
5008,1199.36
5010,7865.43
5012,6654.36
5014,8203.25
5016,9902.02
5018,8370.83
5020,2818.14
5022,6649.99
5024,3882.22
5026,9320.15
5028,5411.49
5030,2604.71
5032,4903.40
5034,6757.73
5036,2041.94
5038,2509.33
5040,861.64
5042,8999.43
5044,7436.72
5046,3087.86
5048,4445.12
5050,7973.46
5052,4075.24
5054,4305.61
5056,6886.48
5058,4359.94
5060,7294.87
5062,4909.82
5064,7606.57
5066,7877.13
5068,6122.17
5070,8632.52
5072,1638.78
5074,6434.40
5076,6041.23
5078,8339.89
5080,2877.00
5082,6914.56
5084,1468.88
5086,1705.75
5088,333.11
5090,8820.07
5092,3037.72
5094,4535.16
5096,6327.77
5098,2354.82
5100,4496.16
5102,2904.33
5104,3729.43
5106,1152.94
5108,2675.52
5110,2727.20
5112,4135.84
5114,5611.12
5116,2714.28
5118,1302.55
5120,258.16
5122,9963.30
5124,1031.69
5126,3878.38
5128,7295.72
5130,4247.16
5132,4530.80
5134,9133.30
5136,9328.89
5138,2176.82
5140,2867.41
5142,1409.23
5144,6340.63
5146,3203.12
5148,4820.55
5150,8168.25
5152,1830.53
5154,185.33
5156,2644.65
5158,3658.17
5160,6848.68
5162,7764.09
5164,5953.08
5166,8700.52
5168,9473.50
5170,5715.43
5172,3413.99
5174,4443.69
5176,3479.11
5178,5816.83
5180,3217.76
5182,8878.83
5184,7114.59
5186,1853.52
5188,7657.97
5190,9920.31
5192,2897.05
5194,217.43
5196,3508.48
5198,5201.03
5200,7669.75
5202,6832.85
5204,9239.00
5206,4163.37
5208,5516.99
5210,4565.82
5212,1768.69
5214,7065.17
5216,142.83
5218,1486.51
5220,9179.79
5222,2426.26
5224,9535.05
5226,9327.01
5228,3878.70
5230,3286.14
5232,2271.74
5234,3823.02
5236,6854.54
5238,4544.78
5240,6094.03
5242,3911.99
5244,1383.75
5246,2451.66
5248,7523.35
5250,5356.74
5252,6320.02
5254,622.57
5256,2012.24
5258,7388.04
5260,3431.73
5262,8928.19
5264,6198.45
5266,3451.05
5268,4395.39
5270,6196.12
5272,2873.30
5274,5136.64
5276,5316.98
5278,5528.59
5280,8179.96
5282,6539.20
5284,3757.33
5286,2054.76
5288,7455.92
5290,4143.61
5292,8296.23
5294,2199.78
5296,409.20
5298,8885.62
5300,9281.92
5302,2513.50
5304,8895.17
5306,7834.30
5308,6683.97
5310,5150.29
5312,6322.01
5314,6517.16
5316,3581.10
5318,6910.28
5320,4501.07
5322,7830.54
5324,1573.60
5326,9711.71
5328,5270.26
5330,579.68
5332,6295.98
5334,1843.34
5336,7812.53
5338,5693.13
5340,3496.22
5342,2402.49
5344,1381.09
5346,2145.41
5348,6866.13
5350,1351.06
5352,6302.68
5354,683.10
5356,3638.47
5358,6226.69
5360,7253.59
5362,6577.58
5364,7692.00
5366,5115.80
5368,6292.28
5370,5927.65
5372,2035.54
5374,1820.15
5376,8683.86
5378,2769.50
5380,2703.67
5382,2014.14
5384,6422.01
5386,6279.43
5388,2879.74
5390,5434.14
5392,7239.46
5394,7876.02
5396,8781.66
5398,4234.28
5400,4812.46
5402,6281.51
5404,8217.09
5406,8194.81
5408,3145.44
5410,2976.86
5412,3049.85
5414,518.22
5416,5929.02
5418,7727.32
5420,7819.55
5422,9179.40
5424,7658.71
5426,529.46
5428,1630.84
5430,571.30
5432,966.58
5434,8275.20
5436,1260.95
5438,3684.89
5440,344.80
5442,5384.54
5444,9530.60
5446,5011.61
5448,7517.32
5450,2133.55
5452,2195.54
5454,2335.22
5456,1114.55
5458,7676.55
5460,1900.61
5462,7157.43
5464,2705.50
5466,4545.91
5468,9378.49
5470,9484.15
5472,5298.13
5474,5448.30
5476,5820.69
5478,7207.10
5480,8385.13
5482,4161.29
5484,9782.66
5486,9749.96
5488,8137.02
5490,5191.84
5492,5853.20
5494,6789.79
5496,1840.00
5498,1823.96
5500,7579.34
5502,585.35
5504,148.20
5506,2666.99
5508,4067.43
5510,1617.91
5512,7003.54
5514,3672.58
5516,3596.83
5518,8349.99
5520,2347.88
5522,4979.40
5524,6463.17
5526,5839.06
5528,1125.22
5530,6883.57
5532,2617.55
5534,9307.50
5536,355.73
5538,6760.34
5540,8241.74
5542,9128.14
5544,1501.30
5546,8271.50
5548,2081.71
5550,7935.68
5552,8683.39
5554,5737.34
5556,7477.33
5558,4031.65
5560,7396.05
5562,5386.07
5564,9186.12
5566,9686.83
5568,4484.87
5570,3027.17
5572,3107.90
5574,4396.69
5576,6296.92
5578,7365.12
5580,6438.32
5582,7542.39
5584,7767.52
5586,4178.32
5588,3564.05
5590,3140.39
5592,9455.33
5594,9516.28
5596,8688.49
5598,9778.07
5600,2759.57
5602,5697.22
5604,5269.49
5606,7868.67
5608,6954.95
5610,1368.40
5612,4870.73
5614,2321.14
5616,3539.04
5618,5715.58
5620,9209.76
5622,7138.03
5624,3381.77
5626,115.46
5628,8513.70
5630,8034.87
5632,7773.09
5634,5917.09
5636,7047.69
5638,4441.56
5640,5490.55
5642,4259.76
5644,948.71
5646,220.83
5648,8416.32
5650,2465.23
5652,1575.35
5654,1292.44
5656,9307.25
5658,815.85
5660,9907.89
5662,8140.15
5664,5265.96
5666,784.28
5668,5548.04
5670,5649.91
5672,8533.51
5674,747.99
5676,7519.71
5678,8702.02
5680,7769.86
5682,8128.64
5684,8253.79
5686,1477.85
5688,3319.61
5690,5495.85
5692,7349.82
5694,8043.75
5696,9580.42
5698,5162.83
5700,3440.50
5702,8340.30
5704,9104.90
5706,4243.61
5708,7539.86
5710,7182.02
5712,2473.30
5714,6493.15
5716,4683.04
5718,3904.35
5720,5933.08
5722,8598.86
5724,5468.30
5726,6473.25
5728,9461.56
5730,9328.70
5732,6234.64
5734,9909.89
5736,2968.17
5738,7080.97
5740,7043.60
5742,2801.53
5744,2208.88
5746,6308.76
5748,3668.09
5750,4691.01
5752,5797.62
5754,4221.92
5756,2197.26
5758,128.38
5760,323.43
5762,5554.08
5764,7184.24
5766,4992.99
5768,1144.51
5770,7969.63
5772,6519.17
5774,9500.30
5776,2519.56
5778,953.37
5780,8650.02
5782,8098.19
5784,1613.77
5786,8287.33
5788,2801.56
5790,6747.31
5792,3622.17
5794,8535.39
5796,7159.96
5798,3805.46
5800,2973.86
5802,5822.54
5804,7423.98
5806,2583.70
5808,5809.46
5810,3458.53
5812,9311.58
5814,6840.06
5816,4034.22
5818,346.35
5820,2444.47
5822,6898.79
5824,4827.85
5826,3617.90
5828,7362.11
5830,365.92
5832,4716.69
5834,9118.92
5836,865.36
5838,7626.82
5840,1593.02
5842,4558.60
5844,1643.51
5846,1766.91
5848,1952.30
5850,7467.77
5852,3450.76
5854,6816.14
5856,8868.29
5858,4386.79
5860,1729.46
5862,742.94
5864,232.46
5866,5538.57
5868,2133.11
5870,9346.45
5872,3363.25
5874,4559.90
5876,9926.97
5878,2588.91
5880,3834.58
5882,438.40
5884,3514.36
5886,8881.13
5888,7495.42
5890,6338.74
5892,263.23
5894,5436.04
5896,3876.39
5898,3985.06
5900,1693.62
5902,9079.57
5904,9223.89
5906,9279.37
5908,5476.91
5910,7260.23
5912,2851.61
5914,2524.60
5916,9644.46
5918,4540.80
5920,2090.04
5922,2100.53
5924,3689.43
5926,3753.40
5928,8222.82
5930,7947.45
5932,6467.65
5934,3844.49
5936,9172.05
5938,1389.72
5940,6555.11
5942,6994.38
5944,6229.08
5946,1979.12
5948,8552.72
5950,4711.56
5952,1785.36
5954,1181.22
5956,4468.73
5958,1229.75
5960,9862.31
5962,4957.88
5964,1778.63
5966,2505.88
5968,8113.40
5970,8161.26
5972,2917.45
5974,5560.35
5976,1824.02
5978,9333.90
5980,2189.11
5982,7072.03
5984,3826.50
5986,410.92
5988,4490.15
5990,6503.78
5992,7443.16
5994,1681.50
5996,9807.19
5998,4574.46
6000,3207.24
6002,1786.42
6004,8278.45
6006,5242.75
6008,3910.80
6010,1473.58
6012,382.33
6014,2412.47
6016,2291.71
6018,6230.54
6020,4920.25
6022,7002.76
6024,8420.59
6026,2678.20
6028,6216.92
6030,2137.80
6032,7301.23
6034,4277.49
6036,571.80
6038,1937.63
6040,8537.87
6042,4255.65
6044,7969.82
6046,7890.88
6048,1439.53
6050,6748.16
6052,9919.56
6054,242.32
6056,5716.87
6058,7327.05
6060,9771.95
6062,5246.26
6064,9564.21
6066,5606.02
6068,534.46
6070,1922.24
6072,1028.37
6074,1095.10
6076,5841.87
6078,2025.45
6080,2713.86
6082,2095.70
6084,8028.28
6086,3924.34
6088,9252.29
6090,4262.15
6092,792.23
6094,7253.05
6096,1435.85
6098,9221.43
6100,9412.87
6102,6678.33
6104,1833.51
6106,5695.68
6108,520.56
6110,9250.68
6112,2415.12
6114,8960.35
6116,6179.49
6118,9093.95
6120,3964.85
6122,6571.79
6124,8074.45
6126,9568.11
6128,1562.22
6130,4416.55
6132,6243.22
6134,7962.19
6136,5363.65
6138,934.24
6140,9182.83
6142,588.24
6144,7420.77
6146,851.97
6148,8560.06
6150,1687.90
6152,5624.99
6154,2534.14
6156,5090.96
6158,8596.13
6160,3401.92
6162,1678.56
6164,5338.47
6166,803.40
6168,9301.52
6170,4416.70
6172,7583.13
6174,752.42
6176,7405.43
6178,2853.21
6180,4690.09
6182,1492.49
6184,3008.25
6186,7001.43
6188,3641.64
6190,5201.68
6192,6819.41
6194,8578.65
6196,8714.67
6198,3301.17
6200,875.74
6202,8113.62
6204,9839.22
6206,6524.00
6208,7478.36
6210,4550.35
6212,2460.59
6214,7983.14
6216,9881.50
6218,1852.04
6220,5960.43
6222,3041.34
6224,976.04
6226,632.10
6228,2323.71
6230,2087.60
6232,7664.71
6234,5643.44
6236,874.59
6238,7987.63
6240,1020.52
6242,2255.84
6244,2300.71
6246,5645.37
6248,9175.83
6250,7474.50
6252,4537.83
6254,2736.55
6256,7049.26
6258,515.24
6260,3183.81
6262,1149.70
6264,4044.35
6266,5580.82
6268,5516.84
6270,6400.88
6272,5839.25
6274,5794.38
6276,889.27
6278,249.84
6280,1231.53
6282,7264.84
6284,5965.12
6286,7280.24
6288,4859.99
6290,4960.40
6292,6471.18
6294,5862.17
6296,7468.62
6298,4167.05
6300,6357.95
6302,2493.83
6304,8669.73
6306,3278.47
6308,3259.48
6310,2548.62
6312,2044.83
6314,8822.95
6316,8070.36
6318,5594.96
6320,9782.10
6322,5057.01
6324,6285.19
6326,4467.24
6328,6979.83
6330,8467.20
6332,1578.55
6334,8806.87
6336,2218.33
6338,8608.27
6340,8030.37
6342,9459.72
6344,5184.45
6346,9045.71
6348,2897.66
6350,7940.20
6352,6180.90
6354,5421.26
6356,4591.44
6358,2544.47
6360,3938.28
6362,2633.20
6364,1654.52
6366,5510.35
6368,4265.25
6370,5509.27
6372,547.61
6374,9917.86
6376,3650.50
6378,7639.65
6380,7453.94
6382,4480.31
6384,8764.22
6386,3174.27
6388,4219.17
6390,2203.90
6392,7335.41
6394,2620.50
6396,6044.73
6398,7083.95
6400,8104.67
6402,7670.78
6404,557.11
6406,3456.30
6408,7798.56
6410,1841.37
6412,6642.09
6414,5412.93
6416,5501.31
6418,7686.03
6420,4994.16
6422,1712.81
6424,3959.32
6426,4883.84
6428,7775.60
6430,9187.48
6432,2320.08
6434,5155.68
6436,700.48
6438,3655.63
6440,1881.70
6442,9138.66
6444,5340.20
6446,8762.11
6448,1887.47
6450,3659.78
6452,2681.51
6454,3857.53
6456,323.46
6458,3796.34
6460,2890.45
6462,125.70
6464,2025.35
6466,7348.10
6468,4826.25
6470,7737.18
6472,9755.88
6474,2257.84
6476,3567.00
6478,6843.95
6480,5742.99
6482,5107.66
6484,989.06
6486,2338.53
6488,2319.34
6490,1957.74
6492,7459.85
6494,7915.91
6496,7298.74
6498,5658.78
6500,958.00
6502,9203.89
6504,6391.46
6506,592.44
6508,8781.54
6510,2773.46
6512,2661.88
6514,9638.42
6516,1360.15
6518,7948.05
6520,8372.75
6522,3682.08
6524,1233.85
6526,7771.74
6528,7347.54
6530,9677.96
6532,3253.54
6534,799.05
6536,4214.44
6538,2554.67
6540,7582.81
6542,8340.44
6544,7976.63
6546,248.78
6548,4205.95
6550,5392.13
6552,3519.09
6554,7969.05
6556,2811.09
6558,8412.38
6560,235.23
6562,462.57
6564,7055.01
6566,1142.23
6568,9392.54
6570,6677.47
6572,5158.74
6574,2352.03
6576,6928.79
6578,9501.39
6580,9556.95
6582,5641.03
6584,7374.40
6586,7806.25
6588,2078.24
6590,1671.17
6592,6715.48
6594,573.39
6596,8611.18
6598,5410.07
6600,3557.75
6602,9721.96
6604,7362.39
6606,1460.46
6608,9753.77
6610,3458.58
6612,6649.16
6614,8489.45
6616,3528.15
6618,2022.20
6620,6629.58
6622,2253.74
6624,3935.70
6626,5276.08
6628,9294.08
6630,7812.16
6632,9519.90
6634,3760.57
6636,7861.89
6638,2385.88
6640,1523.20
6642,6187.93
6644,5671.81
6646,524.89
6648,6036.72
6650,6715.63
6652,3678.34
6654,6388.03
6656,9776.38
6658,2285.37
6660,2460.64
6662,3350.99
6664,9268.67
6666,6964.98
6668,5128.48
6670,1473.83
6672,4077.14
6674,3460.14
6676,1186.06
6678,1282.55
6680,2481.34
6682,4129.80
6684,5207.97
6686,8487.86
6688,274.96
6690,9151.98
6692,9247.91
6694,4181.54
6696,6357.70
6698,1131.21
6700,3310.47
6702,6171.26
6704,589.99
6706,6789.17
6708,6419.82
6710,4097.50
6712,1565.55
6714,2528.52
6716,6625.85
6718,8610.11
6720,1810.75
6722,1622.34
6724,7208.48
6726,6723.82
6728,4814.07
6730,6543.14
6732,2468.53
6734,6794.74
6736,3734.54
6738,4572.39
6740,9742.29
6742,2031.26
6744,9224.31
6746,3355.41
6748,2276.90
6750,5648.65
6752,516.70
6754,549.71
6756,6436.86
6758,4763.41
6760,3858.44
6762,8401.49
6764,1601.01
6766,8772.18
6768,7684.48
6770,6180.87
6772,3121.55
6774,4376.60
6776,7494.18
6778,7216.53
6780,9358.10
6782,1418.60
6784,4828.63
6786,9203.42
6788,5314.84
6790,9535.59
6792,9686.23
6794,2966.60
6796,9249.11
6798,2664.92
6800,3568.62
6802,7884.52
6804,1568.12
6806,7055.87
6808,9041.55
6810,8626.74
6812,257.85
6814,3203.42
6816,4084.76
6818,418.60
6820,4703.68
6822,3311.34
6824,5211.74
6826,163.45
6828,8297.48
6830,6834.88
6832,5042.82
6834,7515.38
6836,3534.12
6838,3838.08
6840,1895.67
6842,6609.77
6844,1346.71
6846,8603.28
6848,3651.36
6850,2301.02
6852,9656.51
6854,1600.13
6856,9140.64
6858,8407.76
6860,1318.20
6862,9995.22
6864,3476.45
6866,7634.24
6868,4731.53
6870,7369.77
6872,1788.12
6874,3620.33
6876,6865.75
6878,3838.78
6880,4180.43
6882,4164.89
6884,5296.82
6886,502.84
6888,4516.73
6890,6988.22
6892,6690.76
6894,4504.14
6896,8879.08
6898,939.30
6900,8805.32
6902,705.99
6904,8472.43
6906,141.81
6908,6945.73
6910,6879.43
6912,8300.24
6914,4994.81
6916,9367.00
6918,147.42
6920,6733.86
6922,3252.17
6924,951.74
6926,9734.04
6928,4225.38
6930,1793.81
6932,9789.03
6934,1540.93
6936,3991.44
6938,810.41
6940,9987.10
6942,9297.91
6944,4362.36
6946,9316.16
6948,5263.24
6950,752.56
6952,5441.41
6954,3242.94
6956,2120.33
6958,3409.32
6960,3635.87
6962,6353.22
6964,9478.78
6966,6077.08
6968,7699.22
6970,7095.20
6972,4331.00
6974,9722.91
6976,8953.75
6978,6267.85
6980,6382.15
6982,1812.74
6984,5657.93
6986,2461.96
6988,3407.55
6990,1770.41
6992,3853.94
6994,7006.20
6996,1178.93
6998,1179.36
7000,3925.88
7002,4007.60
7004,9708.30
7006,5433.90
7008,9435.78
7010,1892.23
7012,7320.54
7014,2271.93
7016,1212.55
7018,8422.25
7020,6836.57
7022,3860.39
7024,1889.62
7026,1230.47
7028,7537.29
7030,7232.74
7032,4459.24
7034,6948.17
7036,5214.45
7038,6925.37
7040,2083.06
7042,9395.74
7044,8982.96
7046,6209.77
7048,2706.90
7050,6334.30
7052,9010.74
7054,7175.34
7056,7524.48
7058,2187.02
7060,1474.07
7062,1777.13
7064,9041.75
7066,8327.44
7068,3252.02
7070,6102.05
7072,7038.70
7074,6659.24
7076,1709.15
7078,2214.93
7080,6677.49
7082,9535.57
7084,1284.35
7086,9251.69
7088,8937.85
7090,4143.91
7092,523.52
7094,1968.13
7096,856.32
7098,4637.02
7100,3026.61
7102,8241.95
7104,1218.58
7106,9454.99
7108,7888.21
7110,8054.83
7112,603.49
7114,8092.19
7116,9397.35
7118,2065.30
7120,8393.49
7122,5479.90
7124,6427.59
7126,2285.57
7128,4653.41
7130,2143.11
7132,7364.73
7134,3718.33
7136,6716.79
7138,8299.29
7140,594.28
7142,4458.08
7144,4778.99
7146,7517.01
7148,419.53
7150,9194.78
7152,3537.01
7154,4384.22
7156,4319.77
7158,9236.28
7160,7941.63
7162,1370.02
7164,521.82
7166,7002.13
7168,4586.82
7170,2855.73
7172,7693.68
7174,368.64
7176,299.98
7178,1350.65
7180,9004.03
7182,4877.08
7184,6044.86
7186,3922.88
7188,1025.25
7190,8003.63
7192,4373.31
7194,5496.52
7196,5268.71
7198,6455.16
7200,4208.03
7202,6301.92
7204,950.98
7206,2809.87
7208,3505.50
7210,6915.15
7212,7915.77
7214,5328.12
7216,1814.82
7218,9789.22
7220,4910.06
7222,7484.80
7224,3299.67
7226,1390.72
7228,3080.90
7230,7924.43
7232,2752.81
7234,9336.23
7236,2401.29
7238,2781.86
7240,3857.89
7242,9444.06
7244,2204.58
7246,9578.03
7248,7589.54
7250,3540.93
7252,6450.51
7254,9641.28
7256,7249.61
7258,1234.08
7260,613.53
7262,8549.27
7264,2777.54
7266,3163.36
7268,1635.49
7270,2199.48
7272,1147.97
7274,8406.27
7276,1332.08
7278,3787.62
7280,8981.37
7282,5381.73
7284,7278.27
7286,9407.79
7288,5730.16
7290,1554.86
7292,9839.63
7294,5244.55
7296,6169.16
7298,3375.42
7300,6139.77
7302,5018.56
7304,6542.65
7306,3127.77
7308,4971.62
7310,4904.26
7312,6017.22
7314,3252.76
7316,344.04
7318,846.13
7320,6422.16
7322,2027.13
7324,8678.34
7326,8965.36
7328,3121.33
7330,6112.05
7332,4504.46
7334,4599.96
7336,5529.89
7338,4994.21
7340,8169.17
7342,7180.21
7344,4452.06
7346,3547.91
7348,1813.15
7350,6041.16
7352,7339.66
7354,9291.35
7356,4762.84
7358,5492.04
7360,4463.40
7362,1589.23
7364,1462.33
7366,3969.90
7368,6428.93
7370,2264.80
7372,2074.80
7374,742.31
7376,896.72
7378,1965.73
7380,7966.59
7382,4573.36
7384,2518.14
7386,5377.65
7388,5619.65
7390,3810.68
7392,527.43
7394,3844.39
7396,3224.05
7398,7445.06
7400,5038.63
7402,8912.07
7404,4390.97
7406,8215.08
7408,243.59
7410,454.83
7412,9920.15
7414,2790.21
7416,5352.40
7418,9586.71
7420,7987.23
7422,8675.15
7424,4085.23
7426,9149.63
7428,5182.76
7430,1195.10
7432,9943.06
7434,6439.43
7436,3800.62
7438,6721.96
7440,8383.78
7442,6935.39
7444,2987.28
7446,1982.51
7448,3187.01
7450,9219.42
7452,4081.86
7454,1010.62
7456,5943.46
7458,6585.10
7460,4209.29
7462,5893.82
7464,2217.15
7466,6190.21
7468,4980.75
7470,848.32
7472,4699.59
7474,5525.59
7476,8267.85
7478,4674.88
7480,8425.64
7482,5169.54
7484,1771.70
7486,7560.85
7488,5870.72
7490,4211.44
7492,150.52
7494,6219.48
7496,2810.80
7498,1353.14
7500,3857.81
7502,8653.25
7504,3393.42
7506,8882.39
7508,714.70
7510,3417.99
7512,4392.57
7514,1659.11
7516,9846.46
7518,2991.08
7520,2052.32
7522,5184.51
7524,4569.54
7526,5586.94
7528,3034.66
7530,4838.30
7532,727.38
7534,7951.06
7536,1419.09
7538,5414.86
7540,5247.59
7542,8485.41
7544,2033.13
7546,1539.28
7548,3423.48
7550,7946.74
7552,5756.92
7554,4389.71
7556,8300.39
7558,5171.87
7560,2670.72
7562,9589.17
7564,2562.74
7566,5468.56
7568,4227.83
7570,2134.95
7572,7624.33
7574,6953.12
7576,1404.68
7578,1285.09
7580,7130.28
7582,6304.01
7584,3750.45
7586,8576.30
7588,2186.83
7590,6371.37
7592,6888.71
7594,4614.05
7596,1624.55
7598,1982.57
7600,5395.29
7602,3311.83
7604,7994.01
7606,3302.69
7608,3646.29
7610,4796.34
7612,6839.67
7614,6818.16
7616,1845.77
7618,2389.58
7620,4607.20
7622,1276.20
7624,5856.41
7626,200.14
7628,9381.53
7630,3074.46
7632,7720.09
7634,1647.56
7636,8244.15
7638,2004.46
7640,4907.83
7642,219.26
7644,9874.23
7646,1531.58
7648,273.63
7650,1456.50
7652,5383.87
7654,3758.15
7656,1585.64
7658,7552.26
7660,925.69
7662,3800.16
7664,7690.04
7666,6018.86
7668,9362.78
7670,5713.13
7672,4940.21
7674,6589.88
7676,5501.28
7678,336.82
7680,235.38
7682,3777.06
7684,2635.84
7686,3838.52
7688,3150.74
7690,8235.50
7692,8613.17
7694,9978.61
7696,2085.31
7698,9765.82
7700,1549.29
7702,2764.24
7704,367.61
7706,3212.90
7708,6968.84
7710,2279.80
7712,4460.78
7714,7323.35
7716,3081.70
7718,906.21
7720,823.09
7722,1041.17
7724,3886.72
7726,2446.90
7728,3402.81
7730,7969.28
7732,1458.34
7734,9984.73
7736,9700.51
7738,996.36
7740,7960.16
7742,3535.99
7744,7719.38
7746,7580.75
7748,6451.04
7750,2251.89
7752,3190.34
7754,3789.97
7756,6067.79
7758,503.73
7760,411.97
7762,780.51
7764,587.87
7766,7920.91
7768,5803.22
7770,2136.67
7772,4045.82
7774,5230.26
7776,5854.93
7778,5098.28
7780,3767.83
7782,422.90
7784,8279.49
7786,2437.01
7788,3830.60
7790,2087.27
7792,2292.36
7794,7022.44
7796,6518.53
7798,6332.20
7800,3214.18
7802,7872.14
7804,6881.13
7806,7174.22
7808,833.49
7810,4485.59
7812,5182.51
7814,7894.07
7816,8701.25
7818,4829.28
7820,250.81
7822,7665.25
7824,7366.81
7826,2434.45
7828,8871.19
7830,1829.46
7832,9758.91
7834,9793.54
7836,7794.37
7838,7556.01
7840,4457.42
7842,4336.53
7844,3441.34
7846,4039.37
7848,9287.45
7850,4146.00
7852,1560.09
7854,5353.12
7856,4162.53
7858,1604.21
7860,1377.92
7862,6615.94
7864,1176.75
7866,2582.98
7868,7484.87
7870,4189.16
7872,7923.55
7874,7888.91
7876,1719.13
7878,6345.88
7880,3951.48
7882,3497.82
7884,4946.68
7886,971.98
7888,651.67
7890,1339.87
7892,250.56
7894,4815.87
7896,3894.08
7898,6988.63
7900,9585.46
7902,249.85
7904,8463.05
7906,5455.35
7908,2896.76
7910,8263.82
7912,6716.67
7914,7678.55
7916,1426.70
7918,1936.91
7920,3745.34
7922,7884.14
7924,3670.71
7926,9187.52
7928,4406.36
7930,248.19
7932,7356.86
7934,5827.71
7936,3247.44
7938,3840.05
7940,8706.21
7942,2331.25
7944,1489.73
7946,9211.91
7948,6947.88
7950,5663.00
7952,8255.84
7954,7846.93
7956,8559.03
7958,5924.97
7960,320.69
7962,7603.89
7964,1900.24
7966,6270.83
7968,4131.42
7970,5246.85
7972,4730.58
7974,2784.08
7976,6744.77
7978,8860.49
7980,214.98
7982,5810.83
7984,6027.21
7986,7072.30
7988,8362.57
7990,4756.48
7992,1790.17
7994,7823.51
7996,6555.58
7998,7320.11
8000,2012.52
8002,8060.99
8004,3839.84
8006,1643.24
8008,8394.15
8010,3209.65
8012,9278.75
8014,1329.16
8016,9141.65
8018,4360.04
8020,9919.22
8022,5700.91
8024,1232.42
8026,6823.66
8028,6055.24
8030,1449.01
8032,2380.78
8034,8017.57
8036,2659.81
8038,2930.12
8040,743.56
8042,8197.17
8044,1337.92
8046,2259.13
8048,5613.79
8050,9923.94
8052,5623.14
8054,7333.57
8056,7639.85
8058,8926.03
8060,3451.08
8062,7039.55
8064,831.58
8066,1810.11
8068,4236.23
8070,4154.05
8072,6971.32
8074,8508.86
8076,7484.85
8078,5515.25
8080,9575.64
8082,7863.89
8084,5750.52
8086,2419.42
8088,1797.84
8090,5948.37
8092,6935.77
8094,8068.26
8096,7802.73
8098,1579.86
8100,7267.16
8102,4372.74
8104,5019.19
8106,2884.27
8108,9203.78
8110,4922.17
8112,4700.18
8114,7962.04
8116,5774.90
8118,158.34
8120,5989.63
8122,4134.70
8124,1326.39
8126,4647.48
8128,3931.56
8130,2432.00
8132,1579.13
8134,3236.62
8136,9626.11
8138,8090.37
8140,1961.47
8142,9746.89
8144,9298.98
8146,7087.88
8148,6698.60
8150,8511.79
8152,6561.18
8154,685.38
8156,2610.57
8158,5197.34
8160,7976.43
8162,898.53
8164,3794.48
8166,6001.37
8168,4687.86
8170,1926.09
8172,2012.53
8174,9260.27
8176,8053.31
8178,7443.36
8180,9973.35
8182,3726.26
8184,8687.86
8186,6462.38
8188,4792.60
8190,9374.74
