8193,5334.24
8196,2662.06
8199,9071.25
8202,4835.78
8205,1904.97
8208,8572.05
8211,3562.98
8214,260.13
8217,9735.86
8220,953.71
8223,2976.54
8226,4707.76
8229,7177.62
8232,6926.42
8235,1314.88
8238,9132.02
8241,5544.84
8244,150.52
8247,7510.92
8250,6046.68
8253,2888.61
8256,2613.67
8259,8231.99
8262,6871.07
8265,1590.91
8268,8606.61
8271,1477.94
8274,3736.08
8277,7290.74
8280,8608.01
8283,2785.41
8286,4017.59
8289,9173.61
8292,8678.36
8295,7606.53
8298,711.17
8301,9663.97
8304,1324.79
8307,353.33
8310,8118.16
8313,9577.73
8316,5829.76
8319,4237.55
8322,532.70
8325,206.82
8328,868.56
8331,1716.92
8334,2867.25
8337,1023.29
8340,1604.55
8343,636.34
8346,3369.39
8349,5785.98
8352,671.18
8355,740.68
8358,8300.21
8361,8657.58
8364,5480.57
8367,3134.57
8370,4035.97
8373,3005.02
8376,2214.70
8379,1754.93
8382,9152.65
8385,1659.86
8388,2389.86
8391,6902.64
8394,7057.48
8397,8948.56
8400,5395.14
8403,9243.64
8406,4400.66
8409,1549.44
8412,2139.57
8415,8940.93
8418,5766.70
8421,9450.93
8424,6815.09
8427,3331.33
8430,2144.24
8433,9221.47
8436,9149.14
8439,2913.48
8442,9740.82
8445,7705.62
8448,9781.73
8451,420.20
8454,7995.11
8457,1015.49
8460,3032.26
8463,5409.11
8466,5857.26
8469,8620.92
8472,179.62
8475,7365.69
8478,3229.91
8481,4587.52
8484,1551.85
8487,9026.08
8490,1007.12
8493,4433.37
8496,4506.27
8499,5922.11
8502,7489.51
8505,3620.82
8508,1551.26
8511,1555.76
8514,8040.33
8517,9925.19
8520,264.76
8523,3359.31
8526,6249.53
8529,7034.76
8532,6516.02
8535,360.24
8538,2357.42
8541,9239.22
8544,4596.06
8547,6460.09
8550,5926.37
8553,4256.19
8556,1810.06
8559,5647.21
8562,8162.50
8565,3711.00
8568,9290.03
8571,8079.64
8574,1913.82
8577,5716.55
8580,2427.49
8583,503.81
8586,426.22
8589,674.72
8592,829.76
8595,7215.94
8598,1858.26
8601,5684.78
8604,7499.26
8607,9792.03
8610,4993.32
8613,3887.50
8616,489.38
8619,6695.46
8622,9774.15
8625,346.12
8628,5091.18
8631,7556.81
8634,6353.20
8637,8677.32
8640,7556.43
8643,4001.87
8646,3997.49
8649,8671.51
8652,2090.76
8655,609.17
8658,419.36
8661,6365.47
8664,2061.39
8667,7391.56
8670,3974.89
8673,1932.78
8676,3005.04
8679,4764.90
8682,5832.14
8685,4468.87
8688,170.99
8691,8702.30
8694,5128.05
8697,5691.82
8700,3213.68
8703,2327.46
8706,3897.43
8709,9776.65
8712,9215.38
8715,1478.32
8718,822.16
8721,6531.29
8724,8017.47
8727,7592.88
8730,8750.59
8733,6386.35
8736,1528.24
8739,4321.68
8742,564.73
8745,2587.10
8748,7952.77
8751,9328.84
8754,4838.10
8757,8497.68
8760,8265.60
8763,6391.18
8766,1565.68
8769,9882.34
8772,7800.47
8775,7598.72
8778,8790.70
8781,6740.28
8784,6915.26
8787,2303.43
8790,1057.42
8793,7045.11
8796,581.84
8799,8818.68
8802,9429.18
8805,2962.93
8808,3320.03
8811,2878.23
8814,2561.41
8817,2732.69
8820,8607.23
8823,9379.15
8826,7655.25
8829,9184.56
8832,6238.11
8835,4394.31
8838,2840.18
8841,6649.17
8844,2151.05
8847,2501.73
8850,6526.88
8853,8998.47
8856,8001.16
8859,7164.91
8862,6742.84
8865,6372.75
8868,7597.85
8871,2074.77
8874,3690.01
8877,3737.92
8880,6094.29
8883,1694.51
8886,8161.36
8889,866.54
8892,7178.67
8895,9449.34
8898,8293.16
8901,5215.35
8904,2878.93
8907,2649.60
8910,1642.13
8913,707.12
8916,6839.68
8919,1590.98
8922,8571.25
8925,2560.69
8928,7468.96
8931,1888.72
8934,9875.01
8937,952.12
8940,7853.84
8943,443.26
8946,190.70
8949,5699.14
8952,4973.83
8955,7826.73
8958,9866.22
8961,2926.11
8964,5516.28
8967,8399.12
8970,7063.67
8973,3307.20
8976,3895.12
8979,4398.05
8982,1133.59
8985,1398.82
8988,4128.78
8991,5276.13
8994,3988.80
8997,7513.73
9000,5147.50
9003,5903.88
9006,3071.46
9009,6830.18
9012,2517.69
9015,5816.95
9018,2618.90
9021,5365.83
9024,6499.20
9027,5223.45
9030,5615.90
9033,367.89
9036,3543.68
9039,7607.07
9042,1289.25
9045,9673.78
9048,9953.49
9051,5353.89
9054,4060.50
9057,7088.76
9060,5570.69
9063,7886.14
9066,8541.81
9069,4724.65
9072,2443.12
9075,9914.62
9078,8271.53
9081,5219.81
9084,1592.83
9087,1860.46
9090,5782.26
9093,9709.97
9096,7516.60
9099,928.80
9102,6870.23
9105,3454.07
9108,6127.38
9111,4175.55
9114,1801.94
9117,6832.04
9120,6374.96
9123,3521.92
9126,9232.48
9129,1426.20
9132,7330.35
9135,6525.41
9138,1162.11
9141,9685.70
9144,2427.62
9147,156.23
9150,4670.05
9153,3369.74
9156,7765.89
9159,2254.79
9162,7928.18
9165,9307.16
9168,4770.20
9171,1606.54
9174,8119.23
9177,8368.91
9180,3549.78
9183,6836.79
9186,6927.15
9189,644.32
9192,6831.83
1002,4906.10
9195,4471.37
1005,437.10
9198,194.14
1008,9570.83
9201,150.22
1011,6489.02
9204,8101.36
1014,4356.52
9207,7258.11
1017,6421.70
9210,8722.31
1020,1579.83
9213,6313.21
1023,5482.88
9216,9819.27
1026,2084.44
9219,9915.23
1029,542.21
9222,9824.46
1032,8302.42
9225,9599.45
1035,3047.40
9228,9595.92
1038,4912.15
9231,9873.34
1041,1374.83
9234,4954.33
1044,3551.29
9237,1923.63
1047,3730.83
9240,2296.52
1050,1988.50
9243,1067.59
1053,7598.38
9246,7060.30
1056,7049.49
9249,7553.31
1059,266.28
9252,9954.39
1062,9179.09
9255,4102.30
1065,1210.02
9258,8034.87
1068,9648.15
9261,1407.79
1071,10047.39
9264,9591.10
1074,2295.79
9267,5797.63
1077,4974.49
9270,390.84
1080,3956.02
9273,8132.92
1083,3483.37
9276,3121.20
1086,7360.24
9279,8732.84
1089,7012.86
9282,2260.07
1092,9960.20
9285,3019.80
1095,9834.86
9288,6696.07
1098,7594.05
9291,7631.99
1101,3206.37
9294,3164.16
1104,1261.08
9297,3262.42
1107,5581.38
9300,5693.14
1110,2587.13
9303,6823.02
1113,2032.92
9306,3050.20
1116,5106.93
9309,684.57
1119,9619.95
9312,1437.88
1122,8395.11
9315,7144.90
1125,2686.46
9318,3631.30
1128,258.24
9321,5733.85
1131,2730.89
9324,2895.54
1134,9012.87
9327,6061.08
1137,8412.23
9330,4417.46
1140,8045.89
9333,632.65
1143,7257.85
9336,5604.17
1146,9841.94
9339,1847.79
1149,6940.97
9342,1337.73
1152,2123.65
9345,3418.38
1155,1748.12
9348,7271.30
1158,5081.40
9351,8797.73
1161,6409.55
9354,7376.35
1164,2164.09
9357,5121.00
1167,6168.28
9360,7772.72
1170,4206.50
9363,8412.04
1173,4331.69
9366,2344.96
1176,5203.65
9369,5842.82
1179,762.61
9372,6318.45
1182,2645.74
9375,6244.09
1185,1176.93
9378,2423.62
1188,6791.37
9381,6127.05
1191,9729.16
9384,382.53
1194,2562.20
9387,2690.42
1197,4953.61
9390,4336.30
1200,8284.09
9393,8568.03
1203,5417.99
9396,511.85
1206,8954.67
9399,7264.12
1209,5067.05
9402,7678.55
1212,9066.39
9405,7101.72
1215,2579.38
9408,1352.71
1218,3041.77
9411,2651.26
1221,3234.59
9414,6527.41
1224,6697.74
9417,3244.02
1227,9047.85
9420,9279.48
1230,9559.83
9423,8043.95
1233,4824.82
9426,7386.97
1236,5390.54
9429,8190.17
1239,6112.27
9432,4473.55
1242,6602.14
9435,5515.91
1245,7074.59
9438,2336.39
1248,2634.38
9441,3903.89
1251,3547.04
9444,7135.60
1254,3977.45
9447,5062.10
1257,5195.90
9450,1544.64
1260,7379.20
9453,9122.29
1263,9499.56
9456,1471.36
1266,8242.77
9459,259.04
1269,6139.81
9462,9494.85
1272,516.06
9465,2897.97
1275,5209.01
9468,623.90
1278,2632.97
9471,3877.61
1281,3661.26
9474,8756.25
1284,5887.90
9477,6532.37
1287,1481.00
9480,7481.75
1290,7426.20
9483,8420.56
1293,7992.13
9486,6296.07
1296,9549.15
9489,2042.51
1299,876.53
9492,331.48
1302,1547.45
9495,2667.66
1305,1088.08
9498,8472.21
1308,3842.44
9501,4884.05
1311,8408.99
9504,5553.93
1314,2564.01
9507,345.10
1317,1881.93
9510,8779.30
1320,7636.78
9513,1101.36
1323,8415.29
9516,2280.24
1326,5388.99
9519,2730.14
1329,4054.99
9522,6196.41
1332,7562.87
9525,2359.64
1335,2192.41
9528,5857.35
1338,7919.29
9531,9125.30
1341,2422.42
9534,4070.89
1344,1303.98
9537,5137.87
1347,5246.95
9540,1224.62
1350,2435.42
9543,3702.92
1353,9359.17
9546,4394.80
1356,6064.37
9549,6016.54
1359,2641.39
9552,2152.05
1362,4881.23
9555,5521.17
1365,157.47
9558,8291.51
1368,2803.25
9561,3375.49
1371,7830.11
9564,2372.66
1374,3255.50
9567,3163.36
1377,2276.06
9570,6242.94
1380,5416.63
9573,8022.22
1383,5577.81
9576,8096.85
1386,2756.72
9579,3395.45
1389,5477.76
9582,361.51
1392,7658.50
9585,7637.77
1395,7902.55
9588,992.82
1398,755.18
9591,883.89
1401,8499.80
9594,7683.33
1404,4027.02
9597,369.12
1407,1143.10
9600,299.90
1410,5969.92
9603,6917.38
1413,8636.78
9606,632.46
1416,3814.39
9609,3797.99
1419,6270.49
9612,4131.29
1422,4366.50
9615,829.83
1425,2025.69
9618,3412.78
1428,3662.90
9621,5042.80
1431,5523.06
9624,2918.81
1434,4412.38
9627,1722.40
1437,4948.13
9630,813.81
1440,390.40
9633,9550.12
1443,5639.46
9636,5869.94
1446,3405.02
9639,5650.86
1449,477.30
9642,109.19
1452,3189.17
9645,8963.37
1455,839.77
9648,1837.54
1458,8478.24
9651,3895.35
1461,6296.89
9654,3485.47
1464,5103.69
9657,9705.86
1467,8180.32
9660,4815.84
1470,9256.75
9663,8927.16
1473,8756.27
9666,8188.17
1476,7486.05
9669,7020.85
1479,6831.97
9672,1713.21
1482,6125.88
9675,317.28
1485,3693.51
9678,7951.68
1488,5242.63
9681,6327.62
1491,5478.51
9684,441.22
1494,1625.75
9687,9955.83
1497,3659.99
9690,9933.17
1500,1076.99
9693,5252.55
1503,6193.39
9696,5799.99
1506,6680.75
9699,6386.12
1509,5563.95
9702,7999.65
1512,8781.51
9705,1696.43
1515,9393.60
9708,6691.62
1518,7613.79
9711,4734.71
1521,9549.64
9714,4578.93
1524,6407.13
9717,7246.48
1527,6380.18
9720,4375.26
1530,2085.42
9723,6385.56
1533,2196.13
9726,5915.39
1536,2424.41
9729,6899.32
1539,1313.71
9732,2100.35
1542,1916.55
9735,4109.31
1545,9318.64
9738,4478.75
1548,1993.33
9741,4976.79
1551,8040.98
9744,333.71
1554,5115.51
9747,1236.82
1557,2259.60
9750,9353.53
1560,6119.66
9753,2459.45
1563,8681.59
9756,4440.41
1566,9153.79
9759,8298.48
1569,3498.05
9762,7885.57
1572,6373.27
9765,1437.82
1575,4173.91
9768,7557.14
1578,9828.35
9771,8907.29
1581,9479.10
9774,6163.52
1584,6595.67
9777,1865.51
1587,3914.42
9780,9585.95
1590,970.34
9783,5465.89
1593,7977.75
9786,5366.42
1596,5142.63
9789,5156.42
1599,8315.19
9792,8053.77
1602,668.83
9795,6453.90
1605,1910.62
9798,5306.36
1608,7494.44
9801,8732.93
1611,6608.61
9804,237.30
1614,4101.60
9807,715.11
1617,3352.17
9810,5151.71
1620,2779.65
9813,4523.71
1623,825.73
9816,3068.84
1626,9504.60
9819,6163.85
1629,9133.83
9822,3662.58
1632,6289.33
9825,9290.48
1635,5357.95
9828,6303.92
1638,8283.17
9831,3518.72
1641,7916.91
9834,7841.12
1644,464.85
9837,973.97
1647,6366.91
9840,9447.62
1650,8632.49
9843,7386.57
1653,3158.77
9846,2876.18
1656,9754.25
9849,3916.56
1659,8875.22
9852,970.71
1662,1899.77
9855,8368.02
1665,9654.86
9858,2463.69
1668,7875.19
9861,9329.12
1671,4810.01
9864,905.60
1674,9181.99
9867,4569.35
1677,3056.87
9870,8607.04
1680,5489.84
9873,8519.04
1683,5746.03
9876,6107.90
1686,1423.49
9879,6655.16
1689,9131.07
9882,4178.73
1692,1483.97
9885,4152.85
1695,1227.66
9888,4632.01
1698,2782.78
9891,237.40
1701,206.34
9894,3538.64
1704,4461.09
9897,2586.84
1707,1630.15
9900,9110.49
1710,1203.66
9903,4558.97
1713,7065.95
9906,1645.78
1716,7066.19
9909,143.56
1719,4259.99
9912,7946.54
1722,7242.64
9915,336.36
1725,4845.86
9918,737.40
1728,8179.06
9921,6089.44
1731,3329.71
9924,8050.31
1734,2699.04
9927,4827.24
1737,3358.58
9930,2696.94
1740,1146.29
9933,1475.49
1743,3543.22
9936,374.58
1746,4247.68
9939,6149.74
1749,6383.74
9942,8592.87
1752,6777.03
9945,2757.55
1755,5960.67
9948,397.66
1758,4895.38
9951,7495.38
1761,7273.55
9954,5296.56
1764,4493.97
9957,2007.48
1767,571.62
9960,3498.17
1770,7994.89
9963,2175.04
1773,285.47
9966,9466.92
1776,9570.97
9969,8415.71
1779,8871.11
9972,3776.82
1782,2126.95
9975,1298.56
1785,3081.47
9978,1302.00
1788,3057.76
9981,7714.76
1791,9730.04
9984,5384.97
1794,4498.75
9987,3198.45
1797,8416.25
9990,512.90
1800,1074.15
9993,2096.97
1803,1592.46
9996,9642.05
1806,9141.03
9999,7626.56
1809,9615.20
10002,6188.16
1812,6087.91
10005,9742.37
1815,6994.11
10008,1898.22
1818,1397.49
10011,3951.31
1821,9054.68
10014,6690.78
1824,4947.05
10017,8959.52
1827,613.69
10020,878.52
1830,2473.02
10023,5918.20
1833,133.87
10026,1005.75
1836,942.98
10029,5372.37
1839,471.66
10032,4210.46
1842,6284.44
10035,3110.05
1845,9543.03
10038,8229.78
1848,1464.10
10041,138.35
1851,9317.56
10044,9251.08
1854,9000.74
10047,2595.64
1857,1819.90
10050,3348.54
1860,5513.21
10053,680.11
1863,8844.27
10056,4464.29
1866,156.06
10059,6984.50
1869,9391.98
10062,7067.92
1872,811.86
10065,2332.60
1875,5213.71
10068,2936.54
1878,5749.72
10071,2831.54
1881,957.25
10074,6606.34
1884,3320.25
10077,2747.12
1887,3375.33
10080,8640.27
1890,170.41
10083,5483.78
1893,7427.93
10086,9351.16
1896,8645.65
10089,5016.19
1899,1646.34
10092,361.91
1902,2403.41
10095,9471.36
1905,5627.11
10098,2986.64
1908,2366.47
10101,111.64
1911,5178.23
10104,9585.13
1914,8281.57
10107,9234.23
1917,1214.57
10110,9511.17
1920,5093.02
10113,4170.97
1923,3200.83
10116,4822.96
1926,2837.64
10119,735.45
1929,689.27
10122,256.46
1932,3183.23
10125,8381.94
1935,5083.04
10128,5431.11
1938,7400.15
10131,8449.61
1941,8460.67
10134,2839.55
1944,9588.24
10137,8088.16
1947,7115.08
10140,9445.10
1950,59.01
10143,6162.61
1953,1602.75
10146,1528.54
1956,4512.55
10149,1787.19
1959,1063.33
10152,4705.05
1962,901.54
10155,7365.88
1965,7359.96
10158,4173.65
1968,8802.81
10161,764.30
1971,416.10
10164,6750.14
1974,4737.45
10167,6593.70
1977,4651.77
10170,3061.86
1980,288.88
10173,4596.31
1983,3930.32
10176,299.34
1986,4559.91
10179,3374.80
1989,556.46
10182,3074.13
1992,7836.82
10185,6396.20
1995,1032.80
10188,2319.86
1998,5588.48
10191,3685.61
2001,5869.61
10194,7717.16
2004,4700.76
10197,90.47
2007,631.71
10200,1907.73
2010,9582.40
10203,2826.47
2013,8018.30
10206,7429.75
2016,7909.55
10209,1881.41
2019,7772.47
10212,1002.87
2022,3881.48
10215,354.05
2025,913.60
10218,3546.21
2028,9120.61
10221,4701.60
2031,828.39
10224,2636.59
2034,1733.49
10227,1990.82
2037,8781.25
10230,2189.39
2040,4635.68
10233,8943.75
2043,7219.99
10236,3146.63
2046,7021.69
10239,5940.20
2049,6152.26
10242,6885.27
2052,1832.91
10245,2517.55
2055,513.22
10248,7171.61
2058,5930.33
10251,1464.09
2061,9006.76
10254,4086.44
2064,2097.29
10257,9948.02
2067,6373.34
10260,6734.51
2070,3133.99
10263,400.01
2073,1483.47
10266,840.19
2076,5610.68
10269,5853.84
2079,2891.48
10272,506.28
2082,2024.34
10275,1037.85
2085,1109.50
10278,2450.74
2088,750.84
10281,9005.95
2091,1851.23
10284,9155.11
2094,3239.23
10287,910.34
2097,1019.96
10290,6330.44
2100,9527.55
10293,2534.69
2103,4196.88
10296,6567.20
2106,984.98
10299,1258.92
2109,9699.42
10302,7027.50
2112,6886.61
10305,4918.77
2115,1389.63
10308,3526.12
2118,5934.68
10311,3734.47
2121,3649.94
10314,5182.28
2124,1681.80
10317,2059.99
2127,5435.94
10320,1800.96
2130,5366.22
10323,5519.49
2133,7558.67
10326,9543.80
2136,452.93
10329,6347.58
2139,6160.35
10332,1014.05
2142,9776.34
10335,9386.91
2145,316.06
10338,83.99
2148,3302.36
10341,6626.19
2151,2556.08
10344,129.65
2154,4818.28
10347,6523.47
2157,4407.90
10350,9013.95
2160,2166.80
10353,6669.23
2163,8134.30
10356,4719.11
2166,5801.65
10359,499.91
2169,396.04
10362,7349.77
2172,9031.05
10365,4304.25
2175,6349.86
10368,2079.32
2178,3507.96
10371,7531.53
2181,9238.72
10374,3146.45
2184,3380.09
10377,3256.36
2187,9952.45
10380,5244.56
2190,7263.21
10383,8394.05
2193,3581.73
10386,8419.17
2196,5940.71
10389,329.01
2199,2285.88
10392,522.96
2202,4072.84
10395,2628.80
2205,847.03
10398,3338.34
2208,6178.08
10401,4734.99
2211,1180.80
10404,8415.76
2214,6505.59
10407,8770.55
2217,2580.40
10410,3290.17
2220,7636.93
10413,9106.39
2223,1443.35
10416,3478.07
2226,4835.90
10419,8382.89
2229,9245.86
10422,7862.03
2232,10065.41
10425,9272.70
2235,564.69
10428,8277.68
2238,7138.56
10431,5125.37
2241,9181.79
10434,2894.34
2244,8072.97
10437,9187.45
2247,1908.12
10440,1665.85
2250,5058.00
10443,7678.15
2253,3167.32
10446,757.94
2256,7605.22
10449,4323.57
2259,4768.48
10452,4640.58
2262,9256.03
10455,7937.32
2265,6096.32
10458,2222.59
2268,4708.14
10461,5946.38
2271,2059.47
10464,5631.72
2274,6330.31
10467,9083.21
2277,8739.69
10470,6994.84
2280,4919.87
10473,2252.09
2283,6261.55
10476,7427.37
2286,2587.64
10479,6625.08
2289,7335.23
10482,5608.68
2292,2853.18
10485,7184.84
2295,5784.76
10488,9180.20
2298,1501.68
10491,7144.22
2301,7737.93
10494,5495.33
2304,9364.49
10497,1467.47
2307,5769.45
10500,8804.43
2310,4088.60
10503,7349.90
2313,4133.98
10506,2870.81
2316,6310.57
10509,9201.11
2319,3444.35
10512,1878.45
2322,1003.99
10515,8169.41
2325,5008.93
10518,290.85
2328,2193.87
10521,8800.37
2331,6352.65
10524,6703.38
2334,1821.16
10527,2620.71
2337,3550.84
10530,4081.15
2340,4275.99
10533,3534.06
2343,2020.06
10536,8368.60
2346,9781.13
10539,214.48
2349,9537.85
10542,5977.94
2352,9755.26
10545,2461.87
2355,8506.66
10548,1980.67
2358,9869.13
10551,6748.69
2361,6543.06
10554,5510.89
2364,2178.70
10557,1534.99
2367,8762.92
10560,9256.71
2370,1318.82
10563,1852.55
2373,9911.01
10566,66.87
2376,979.80
10569,1881.55
2379,7299.49
10572,6611.49
2382,8757.05
10575,9709.91
2385,519.16
10578,4197.79
2388,3885.77
10581,3320.16
2391,2748.68
10584,9083.48
2394,4950.34
10587,4864.48
2397,9716.41
10590,1773.80
2400,2776.13
10593,9378.87
2403,8153.74
10596,6510.09
2406,2331.22
10599,9372.67
2409,8658.62
10602,6352.11
2412,7782.67
10605,5044.20
2415,1205.18
10608,8649.95
2418,6669.40
10611,5802.88
2421,4714.13
10614,9094.61
2424,1481.37
10617,7865.96
2427,9629.99
10620,7660.41
2430,6877.94
10623,6109.35
2433,8882.67
10626,839.27
2436,2888.46
10629,1995.41
2439,218.76
10632,3766.56
2442,2711.58
10635,7425.94
2445,4394.18
10638,3076.04
2448,810.32
10641,1368.12
2451,5788.58
10644,1779.92
2454,3689.19
10647,849.15
2457,9702.57
10650,4093.34
2460,2547.17
10653,9401.58
2463,7230.32
10656,1792.46
2466,8375.23
10659,8858.34
2469,4173.57
10662,7893.64
2472,8859.15
10665,8058.56
2475,1602.46
10668,3346.48
2478,9805.58
10671,5309.06
2481,4866.73
10674,6003.96
2484,6871.70
10677,4458.38
2487,7386.72
10680,6482.53
2490,5511.70
10683,9566.36
2493,7450.38
10686,6358.93
2496,6541.07
10689,6818.45
2499,6634.09
10692,6975.82
2502,4625.07
10695,1518.58
2505,8576.53
10698,7635.74
2508,7167.91
10701,1277.04
2511,8688.63
10704,1561.80
2514,4095.39
10707,3732.40
2517,4734.53
10710,3027.28
2520,5580.55
10713,2640.38
2523,1225.77
10716,1304.51
2526,3731.27
10719,5305.17
2529,4199.63
10722,6699.92
2532,634.53
10725,3937.21
2535,9756.06
10728,5570.14
2538,652.11
10731,1280.17
2541,9013.14
10734,8746.03
2544,1642.92
10737,8842.47
2547,2820.66
10740,3786.48
2550,8369.89
10743,359.81
2553,671.82
10746,9693.23
2556,7746.54
10749,2344.66
2559,8608.25
10752,5999.28
2562,8254.93
10755,7880.66
2565,2856.27
10758,9734.39
2568,4092.14
10761,5128.90
2571,1412.30
10764,3452.19
2574,1761.50
10767,1565.40
2577,4254.59
10770,5603.59
2580,2945.66
10773,169.47
2583,9577.27
10776,1067.93
2586,1464.53
10779,9582.24
2589,4343.03
10782,4420.00
2592,6151.55
10785,424.89
2595,5920.20
10788,4282.86
2598,9157.63
10791,5792.60
2601,1928.28
10794,975.60
2604,6581.28
10797,2194.82
2607,5834.66
10800,1884.58
2610,8123.75
10803,4180.00
2613,410.81
10806,463.04
2616,4983.19
10809,1297.61
2619,8372.87
10812,7107.28
2622,1867.54
10815,8908.60
2625,4840.85
10818,5414.91
2628,5357.75
10821,4513.73
2631,337.65
10824,9957.68
2634,7681.07
10827,9812.74
2637,8591.51
10830,9324.92
2640,3289.17
10833,2233.56
2643,7246.63
10836,2381.99
2646,6425.11
10839,8906.68
2649,2226.48
10842,9030.91
2652,5149.49
10845,2872.23
2655,2767.20
10848,7374.05
2658,5284.37
10851,2380.83
2661,1365.31
10854,5275.38
2664,1607.71
10857,7232.14
2667,5397.63
10860,7631.97
2670,3593.28
10863,196.93
2673,399.09
10866,8215.45
2676,414.61
10869,9002.58
2679,2389.44
10872,5528.54
2682,6965.46
10875,5309.90
2685,8195.59
10878,6929.68
2688,9973.03
10881,1405.35
2691,2850.39
10884,5546.61
2694,5749.54
10887,4570.93
2697,5605.06
10890,6925.62
2700,2948.79
10893,5905.28
2703,7687.42
10896,2144.38
2706,5024.87
10899,2708.64
2709,5612.52
10902,8874.74
2712,1497.63
10905,7737.83
2715,4064.96
10908,2616.89
2718,605.04
10911,3605.38
2721,219.46
10914,1291.77
2724,6548.83
10917,3699.34
2727,7269.51
10920,2392.53
2730,127.44
10923,6238.93
2733,3219.85
10926,4331.68
2736,7940.51
10929,9681.52
2739,3205.42
10932,4767.07
2742,9896.73
10935,1657.66
2745,679.33
10938,5829.07
2748,7495.64
10941,5246.57
2751,6208.43
10944,4059.80
2754,3706.07
10947,2002.60
2757,5250.95
10950,840.47
2760,6773.25
10953,2297.01
2763,8112.69
10956,2788.09
2766,7946.83
10959,2899.03
2769,8329.32
10962,1663.00
2772,4923.12
10965,9592.56
2775,8387.68
10968,3065.22
2778,6606.37
10971,5521.22
2781,849.73
10974,9205.72
2784,9796.47
10977,4073.68
2787,6930.86
10980,7593.56
2790,2014.40
10983,4324.54
2793,8262.22
10986,4056.67
2796,7799.41
10989,9650.71
2799,5808.33
10992,9548.71
2802,6224.43
10995,1831.73
2805,7102.71
10998,7114.22
2808,4208.49
2811,2074.32
2814,2018.79
2817,1122.89
2820,4129.56
2823,314.24
2826,8537.70
2829,4270.81
2832,7956.24
2835,5450.62
2838,9770.44
2841,2880.95
2844,7566.05
2847,7969.47
2850,4803.55
2853,6812.95
2856,6452.44
2859,8630.23
2862,141.64
2865,1862.45
2868,8887.23
2871,3167.08
2874,5994.78
2877,622.87
2880,4805.25
2883,4814.02
2886,1772.29
2889,3834.97
2892,2904.83
2895,8078.31
2898,3565.17
2901,7693.00
2904,6588.03
2907,8462.10
2910,3977.47
2913,1236.16
2916,5528.19
2919,590.19
2922,5749.03
2925,4854.05
2928,1953.76
2931,1042.61
2934,4716.51
2937,7286.74
2940,1271.88
2943,3363.87
2946,9264.29
2949,6524.72
2952,4752.18
2955,3235.37
2958,1923.62
2961,699.29
2964,146.60
2967,1049.11
2970,8075.13
2973,3789.84
2976,7105.64
2979,7426.64
2982,5610.27
2985,7477.47
2988,9237.43
2991,8475.02
2994,8195.06
2997,3931.99
3000,6062.09
3003,5744.55
3006,8263.68
3009,8271.38
3012,8801.91
3015,491.92
3018,7746.61
3021,4214.03
3024,9955.33
3027,7303.56
3030,1612.05
3033,3846.78
3036,5639.71
3039,3464.56
3042,5225.71
3045,9564.92
3048,5298.63
3051,2058.27
3054,4823.26
3057,6667.99
3060,9200.36
3063,4509.92
3066,1428.42
3069,3616.36
3072,6064.00
3075,6743.37
3078,5891.16
3081,992.98
3084,499.16
3087,4226.52
3090,6563.55
3093,6902.80
3096,7522.36
3099,6950.23
3102,6439.64
3105,3169.33
3108,7202.34
3111,722.31
3114,2614.44
3117,6141.17
3120,4358.51
3123,8839.72
3126,563.45
3129,928.69
3132,5656.47
3135,1929.96
3138,4635.39
3141,4670.08
3144,1924.16
3147,5062.66
3150,9233.31
3153,1231.15
3156,2615.96
3159,5973.86
3162,7748.86
3165,8392.72
3168,5105.31
3171,1540.23
3174,7384.37
3177,7440.18
3180,5606.75
3183,925.25
3186,7946.62
3189,4883.02
3192,6858.72
3195,2395.41
3198,7766.45
3201,7093.11
3204,2911.14
3207,1146.65
3210,5026.93
3213,5931.09
3216,6299.50
3219,1567.09
3222,5836.46
3225,2707.54
3228,9439.17
3231,881.02
3234,4632.73
3237,5841.44
3240,1493.00
3243,5532.99
3246,1733.19
3249,7758.58
3252,9691.10
3255,486.18
3258,7359.69
3261,5187.02
3264,6127.21
3267,474.19
3270,3543.95
3273,5915.50
3276,6715.32
3279,5669.56
3282,1144.49
3285,1434.84
3288,265.29
3291,2870.90
3294,3582.60
3297,6500.76
3300,309.45
3303,4521.81
3306,8235.93
3309,6198.73
3312,8877.25
3315,7024.48
3318,3438.94
3321,6272.51
3324,2499.59
3327,7736.55
3330,4972.31
3333,5793.57
3336,1472.75
3339,1845.82
3342,2412.65
3345,3513.16
3348,7977.16
3351,8608.45
3354,3315.41
3357,2307.65
3360,4733.56
3363,7101.78
3366,3193.46
3369,8843.49
3372,3569.98
3375,8331.20
3378,6587.75
3381,6599.15
3384,6944.33
3387,9954.23
3390,9186.67
3393,1489.43
3396,8473.17
3399,6723.80
3402,3389.57
3405,7624.14
3408,5993.66
3411,743.09
3414,2382.67
3417,6824.67
3420,2996.74
3423,8584.89
3426,6194.46
3429,7411.30
3432,6904.07
3435,4901.58
3438,9936.36
3441,4816.82
3444,3634.69
3447,3794.41
3450,8586.10
3453,5629.49
3456,8970.88
3459,2284.28
3462,6416.44
3465,6145.84
3468,6802.94
3471,3195.53
3474,9097.43
3477,3564.73
3480,200.10
3483,3755.09
3486,3998.18
3489,2673.82
3492,3107.40
3495,4872.41
3498,1161.23
3501,9576.82
3504,4326.30
3507,7561.45
3510,8139.91
3513,2574.44
3516,8483.65
3519,1374.97
3522,549.96
3525,6061.06
3528,526.74
3531,5020.87
3534,697.56
3537,7368.23
3540,8253.14
3543,2512.03
3546,4824.48
3549,2862.77
3552,6772.36
3555,8616.76
3558,8657.52
3561,835.94
3564,5499.04
3567,4814.70
3570,4968.90
3573,2702.46
3576,2021.59
3579,5859.91
3582,6307.67
3585,4690.67
3588,6935.00
3591,8594.96
3594,7499.09
3597,9027.10
3600,1140.19
3603,6121.38
3606,7296.52
3609,8354.06
3612,8709.16
3615,8490.97
3618,2276.11
3621,4587.83
3624,6845.75
3627,8582.59
3630,7985.08
3633,6520.97
3636,2251.49
3639,9289.89
3642,3666.87
3645,4148.43
3648,5596.95
3651,8208.48
3654,4514.20
3657,2777.45
3660,7279.10
3663,1343.09
3666,6059.58
3669,5163.83
3672,1280.90
3675,6607.06
3678,1557.27
3681,865.61
3684,459.98
3687,673.97
3690,4011.61
3693,4207.41
3696,1883.03
3699,8375.66
3702,5347.84
3705,6144.47
3708,7211.81
3711,6217.99
3714,8991.58
3717,4585.42
3720,3251.76
3723,4462.61
3726,4587.87
3729,3852.81
3732,2630.75
3735,2147.78
3738,1592.42
3741,2491.67
3744,629.59
3747,3892.31
3750,6883.26
3753,1302.13
3756,3337.30
3759,8384.18
3762,474.30
3765,1289.11
3768,3754.23
3771,6168.26
3774,2207.47
3777,8362.40
3780,146.53
3783,813.67
3786,1280.63
3789,7609.91
3792,1182.20
3795,7954.25
3798,565.27
3801,4583.62
3804,4634.66
3807,8140.59
3810,7056.61
3813,7676.22
3816,5620.74
3819,8622.06
3822,1819.70
3825,9977.67
3828,8393.81
3831,8364.72
3834,5297.44
3837,9350.44
3840,7905.53
3843,5120.75
3846,3093.18
3849,949.07
3852,8511.95
3855,7171.60
3858,3331.68
3861,7713.73
3864,7842.02
3867,2276.24
3870,7094.56
3873,1573.02
3876,4235.15
3879,1605.46
3882,1268.39
3885,1089.04
3888,6056.83
3891,581.56
3894,2944.72
3897,4877.57
3900,9621.37
3903,3120.45
3906,2243.54
3909,2991.58
3912,10046.44
3915,8972.78
3918,3513.80
3921,3679.09
3924,575.93
3927,3298.48
3930,2935.99
3933,6095.32
3936,4270.31
3939,3030.90
3942,3698.97
3945,9678.77
3948,2868.28
3951,6902.80
3954,3279.49
3957,7051.07
3960,6532.18
3963,4541.32
3966,4943.69
3969,430.95
3972,7366.89
3975,9197.78
3978,5090.51
3981,4151.96
3984,1120.28
3987,6820.12
3990,5935.64
3993,6078.22
3996,6025.53
3999,7042.05
4002,7092.86
4005,6367.32
4008,1075.35
4011,7100.75
4014,1231.91
4017,6413.99
4020,9136.01
4023,4029.67
4026,2549.39
4029,8492.26
4032,1070.08
4035,9763.57
4038,7869.90
4041,918.91
4044,2593.39
4047,5719.56
4050,4051.29
4053,7895.72
4056,5501.32
4059,9169.39
4062,5645.17
4065,5560.23
4068,3880.06
4071,8876.72
4074,5627.61
4077,5380.14
4080,3054.39
4083,590.11
4086,7983.92
4089,8497.75
4092,5742.21
4095,9464.33
4098,840.26
4101,6895.93
4104,1449.66
4107,332.35
4110,236.79
4113,8697.83
4116,1480.96
4119,9199.76
4122,6385.04
4125,4550.19
4128,5364.86
4131,1451.44
4134,5665.41
4137,4011.21
4140,5906.59
4143,2185.94
4146,1519.31
4149,1572.37
4152,9750.09
4155,1914.10
4158,4123.01
4161,8090.65
4164,915.61
4167,2684.64
4170,4396.49
4173,5111.01
4176,7963.55
4179,8058.27
4182,7986.34
4185,3507.55
4188,8339.51
4191,9399.24
4194,3484.90
4197,412.56
4200,309.25
4203,7463.07
4206,648.48
4209,9246.41
4212,5647.51
4215,6083.96
4218,6772.04
4221,2774.08
4224,7177.10
4227,5751.53
4230,7504.88
4233,6763.44
4236,9369.02
4239,7399.04
4242,6003.14
4245,3870.04
4248,8431.55
4251,7267.65
4254,6664.97
4257,8582.44
4260,1068.78
4263,4933.11
4266,959.37
4269,6249.95
4272,1185.08
4275,8686.67
4278,3596.53
4281,2605.46
4284,521.67
4287,7784.21
4290,8411.97
4293,9338.90
4296,1550.38
4299,9949.10
4302,8875.54
4305,7878.62
4308,2987.34
4311,2666.91
4314,1881.22
4317,6271.51
4320,6673.52
4323,8321.47
4326,1088.21
4329,8487.91
4332,3732.85
4335,3429.77
4338,9805.83
4341,9887.64
4344,5501.41
4347,8355.26
4350,3569.59
4353,1754.07
4356,2907.72
4359,2958.68
4362,6010.48
4365,5315.01
4368,6830.87
4371,6719.93
4374,4018.18
4377,2396.94
4380,1466.25
4383,4157.37
4386,9155.37
4389,7206.87
4392,346.26
4395,7108.13
4398,320.89
4401,5493.92
4404,4530.44
4407,4230.14
4410,1227.20
4413,637.46
4416,4111.19
4419,8729.39
4422,6878.97
4425,2175.95
4428,7274.19
4431,8731.10
4434,1644.98
4437,9631.89
4440,4986.20
4443,8379.62
4446,7887.87
4449,1627.41
4452,6579.08
4455,4085.51
4458,4077.15
4461,8873.85
4464,7507.89
4467,2736.20
4470,9940.00
4473,7628.59
4476,382.34
4479,2888.05
4482,7025.24
4485,8438.29
4488,7263.09
4491,6658.05
4494,997.25
4497,7077.75
4500,8533.25
4503,7389.88
4506,3803.12
4509,3553.33
4512,8283.83
4515,8662.04
4518,5953.11
4521,7724.73
4524,2022.76
4527,1589.69
4530,8723.25
4533,8263.81
4536,9670.73
4539,138.12
4542,8860.36
4545,1361.11
4548,1740.36
4551,876.09
4554,4339.78
4557,3959.21
4560,6932.37
4563,1348.56
4566,4953.44
4569,1190.13
4572,3197.24
4575,4552.16
4578,2738.21
4581,1888.94
4584,5247.72
4587,2419.50
4590,9010.75
4593,3326.71
4596,6197.54
4599,7071.92
4602,7891.25
4605,2352.05
4608,1846.44
4611,445.35
4614,5730.58
4617,3923.52
4620,4242.78
4623,6627.47
4626,7074.57
4629,1646.97
4632,5586.74
4635,9599.96
4638,5366.19
4641,9344.15
4644,3565.64
4647,3615.32
4650,5907.23
4653,687.99
4656,2144.47
4659,9630.80
4662,2643.22
4665,8310.20
4668,8842.00
4671,2009.57
4674,762.95
4677,8030.62
4680,1062.45
4683,1476.15
4686,6296.82
4689,5315.14
4692,7214.22
4695,4926.98
4698,4343.99
4701,4374.92
4704,2011.56
4707,2744.85
4710,1218.60
4713,2170.27
4716,2908.76
4719,6083.01
4722,8114.95
4725,9667.88
4728,8322.11
4731,659.26
4734,2605.96
4737,2437.91
4740,9671.77
4743,9485.83
4746,3406.21
4749,1268.66
4752,3294.55
4755,9606.20
4758,2970.11
4761,3092.81
4764,6889.84
4767,865.35
4770,1320.89
4773,6243.96
4776,5200.68
4779,8712.15
4782,8026.53
4785,9188.18
4788,8024.29
4791,5385.84
4794,8784.68
4797,8814.13
4800,4299.32
4803,402.68
4806,412.21
4809,4184.03
4812,3641.65
4815,4739.33
4818,7189.35
4821,278.34
4824,8085.84
4827,1154.64
4830,9909.55
4833,295.73
4836,3621.56
4839,7063.34
4842,7702.30
4845,931.70
4848,1245.49
4851,5201.07
4854,4058.83
4857,8591.74
4860,6279.67
4863,6620.27
4866,3452.31
4869,8638.08
4872,2230.88
4875,3775.31
4878,3638.78
4881,3770.73
4884,3202.29
4887,1229.18
4890,7724.80
4893,7623.39
4896,7052.98
4899,9524.37
4902,3950.97
4905,668.49
4908,9082.40
4911,9541.56
4914,762.97
4917,4916.12
4920,7690.06
4923,5501.14
4926,4586.35
4929,4162.21
4932,802.21
4935,7333.06
4938,7421.82
4941,8326.91
4944,6245.94
4947,5300.12
4950,2229.75
4953,6278.39
4956,6640.47
4959,6613.59
4962,4957.58
4965,3342.84
4968,3353.51
4971,7933.60
4974,9221.81
4977,6445.70
4980,763.57
4983,9702.31
4986,6528.27
4989,9690.28
4992,343.99
4995,4785.55
4998,3899.47
5001,2560.47
5004,6333.05
5007,9423.88
5010,2209.11
5013,6757.78
5016,5574.25
5019,5684.56
5022,6288.31
5025,5268.11
5028,8400.60
5031,5345.04
5034,1946.67
5037,4445.97
5040,7003.25
5043,3615.49
5046,4429.65
5049,6503.14
5052,9335.33
5055,2515.68
5058,7922.32
5061,7845.63
5064,1031.29
5067,2570.69
5070,6431.56
5073,5784.32
5076,8497.32
5079,1567.40
5082,7545.68
5085,5994.61
5088,2192.47
5091,9029.00
5094,1452.71
5097,5481.77
5100,4005.81
5103,4393.58
5106,5558.99
5109,4850.18
5112,9424.46
5115,5146.85
5118,7077.73
5121,1444.18
5124,9738.59
5127,5063.04
5130,2143.76
5133,6243.45
5136,610.18
5139,4100.23
5142,9879.88
5145,1736.12
5148,2016.02
5151,2053.45
5154,6545.23
5157,7604.65
5160,4048.97
5163,9175.23
5166,3440.44
5169,3053.98
5172,7353.80
5175,1492.67
5178,4994.12
5181,8058.98
5184,8256.69
5187,8654.53
5190,2053.37
5193,4868.46
5196,3708.76
5199,6455.17
5202,3522.72
5205,4717.40
5208,7233.45
5211,8449.02
5214,6151.53
5217,9723.89
5220,844.97
5223,9294.07
5226,8015.82
5229,2483.21
5232,8703.12
5235,7623.10
5238,1749.55
5241,9274.38
5244,8801.33
5247,8541.42
5250,1772.06
5253,8941.29
5256,5246.82
5259,3975.77
5262,4485.65
5265,533.81
5268,915.75
5271,2553.21
5274,9711.91
5277,6476.21
5280,9035.64
5283,6102.84
5286,2362.74
5289,4761.49
5292,6085.06
5295,95.44
5298,8509.65
5301,2163.17
5304,8952.75
5307,6842.15
5310,439.03
5313,2603.35
5316,8254.49
5319,2468.09
5322,7851.42
5325,350.43
5328,5904.14
5331,7228.55
5334,3605.67
5337,2793.95
5340,3284.95
5343,1423.96
5346,1016.39
5349,586.70
5352,2735.05
5355,9880.70
5358,5005.30
5361,8188.03
5364,444.44
5367,9892.95
5370,3158.63
5373,3894.10
5376,1015.71
5379,4993.24
5382,6473.22
5385,8258.34
5388,4922.53
5391,3296.18
5394,655.16
5397,3038.87
5400,2882.78
5403,5469.82
5406,8840.83
5409,4238.26
5412,6389.43
5415,4809.24
5418,2329.45
5421,7839.51
5424,3783.55
5427,9154.01
5430,6931.01
5433,3021.83
5436,3202.08
5439,7856.63
5442,3897.85
5445,6254.97
5448,4734.78
5451,4127.52
5454,5661.80
5457,9139.72
5460,9427.76
5463,6563.62
5466,5608.67
5469,8648.10
5472,4117.07
5475,9697.51
5478,9502.33
5481,5221.31
5484,9322.25
5487,2654.67
5490,5713.97
5493,6286.10
5496,967.75
5499,319.09
5502,3735.51
5505,148.87
5508,580.45
5511,9042.99
5514,395.09
5517,3024.60
5520,5398.93
5523,8823.22
5526,1257.93
5529,9861.43
5532,2548.91
5535,9260.37
5538,5064.20
5541,7807.24
5544,3076.31
5547,5876.19
5550,9627.77
5553,6892.14
5556,4711.12
5559,8759.00
5562,4873.07
5565,647.69
5568,4509.30
5571,2192.93
5574,294.83
5577,1405.60
5580,7197.73
5583,8631.64
5586,1033.12
5589,5205.48
5592,1674.02
5595,4238.13
5598,1190.70
5601,1052.02
5604,4689.37
5607,8439.17
5610,7068.34
5613,7045.39
5616,3135.27
5619,4619.66
5622,3318.18
5625,3974.44
5628,9406.32
5631,1198.35
5634,7679.92
5637,8719.50
5640,8638.48
5643,3913.87
5646,7054.27
5649,1203.92
5652,7853.92
5655,8149.28
5658,8317.83
5661,312.87
5664,5303.67
5667,7352.16
5670,2882.32
5673,5998.39
5676,830.35
5679,8558.60
5682,2235.76
5685,877.36
5688,2079.00
5691,7194.85
5694,9586.20
5697,3019.46
5700,4028.93
5703,8193.86
5706,8371.58
5709,7259.69
5712,7719.82
5715,2523.20
5718,3017.82
5721,4053.50
5724,2184.34
5727,6993.69
5730,9287.43
5733,4886.52
5736,1374.53
5739,2849.68
5742,2485.29
5745,1422.48
5748,5986.93
5751,6118.82
5754,9095.26
5757,4326.67
5760,9660.58
5763,4593.09
5766,4420.14
5769,8432.41
5772,797.29
5775,2320.90
5778,6917.66
5781,6183.92
5784,6625.32
5787,3977.48
5790,7840.29
5793,9345.89
5796,1885.19
5799,7752.78
5802,4832.38
5805,62.82
5808,2398.74
5811,3561.64
5814,8288.97
5817,4502.38
5820,5864.20
5823,9671.88
5826,8071.15
5829,3540.25
5832,7711.85
5835,5940.07
5838,138.92
5841,1376.58
5844,3854.36
5847,1233.52
5850,9760.15
5853,9731.69
5856,7065.82
5859,5083.96
5862,6419.15
5865,5970.94
5868,6704.15
5871,3995.04
5874,7947.09
5877,5946.26
5880,7768.89
5883,8256.25
5886,5680.99
5889,8882.12
5892,3873.80
5895,869.56
5898,6026.72
5901,4668.03
5904,6417.99
5907,8664.34
5910,8476.65
5913,283.05
5916,3739.56
5919,482.79
5922,5471.64
5925,5003.12
5928,5905.05
5931,6437.68
5934,6562.78
5937,9288.96
5940,7794.54
5943,9113.68
5946,5332.71
5949,5481.80
5952,3908.52
5955,6534.50
5958,2065.60
5961,1694.56
5964,3952.17
5967,8058.27
5970,2618.95
5973,9394.21
5976,6131.76
5979,148.14
5982,1540.81
5985,3554.40
5988,552.06
5991,6970.81
5994,6656.71
5997,1658.20
6000,9243.27
6003,9479.82
6006,1923.46
6009,9176.70
6012,4069.41
6015,3873.37
6018,3084.01
6021,9914.05
6024,7840.32
6027,1480.98
6030,5137.31
6033,5713.03
6036,9422.71
6039,2293.29
6042,3779.98
6045,287.85
6048,7256.74
6051,3436.78
6054,521.06
6057,3497.22
6060,9019.17
6063,7250.05
6066,9300.99
6069,4974.87
6072,8539.36
6075,3474.64
6078,3141.19
6081,3794.00
6084,3532.10
6087,4071.27
6090,7157.37
6093,1100.19
6096,5372.59
6099,6075.08
6102,2749.16
6105,6679.49
6108,8999.68
6111,775.42
6114,5552.44
6117,8857.66
6120,2977.44
6123,9814.92
6126,5066.97
6129,1482.87
6132,7847.29
6135,6564.56
6138,8061.69
6141,262.83
6144,4257.07
6147,5177.51
6150,3898.55
6153,9007.85
6156,9106.14
6159,446.01
6162,4025.32
6165,1204.71
6168,7773.53
6171,1351.73
6174,6302.12
6177,3795.70
6180,5461.94
6183,9740.18
6186,8263.03
6189,1073.82
6192,7544.82
6195,2873.51
6198,7110.57
6201,4532.15
6204,3521.90
6207,1274.23
6210,8505.95
6213,9689.24
6216,4253.23
6219,4269.30
6222,4559.48
6225,3574.28
6228,1194.87
6231,7461.32
6234,326.23
6237,3776.52
6240,9874.44
6243,6555.59
6246,8217.53
6249,2568.13
6252,5584.88
6255,3683.78
6258,1243.97
6261,4598.13
6264,6674.33
6267,6957.51
6270,3734.10
6273,9195.41
6276,3021.40
6279,6444.15
6282,6533.48
6285,6845.20
6288,3151.80
6291,3757.83
6294,8126.90
6297,6273.94
6300,8431.17
6303,638.77
6306,7700.55
6309,4777.06
6312,1854.73
6315,8034.73
6318,6862.75
6321,6906.14
6324,1391.30
6327,7655.13
6330,2964.02
6333,7638.21
6336,7201.45
6339,729.55
6342,9435.46
6345,2235.84
6348,2947.27
6351,9702.25
6354,5388.69
6357,6795.82
6360,5131.46
6363,9670.36
6366,6503.39
6369,1312.98
6372,8302.67
6375,5837.12
6378,1020.94
6381,893.96
6384,9900.63
6387,9685.74
6390,3962.76
6393,1467.31
6396,186.53
6399,3367.96
6402,6085.79
6405,2668.46
6408,375.58
6411,554.58
6414,3212.49
6417,8320.48
6420,5213.18
6423,928.04
6426,5886.38
6429,6555.25
6432,8707.92
6435,1744.03
6438,5412.37
6441,8264.30
6444,8809.39
6447,2606.35
6450,4798.19
6453,2299.47
6456,7493.00
6459,7216.21
6462,6913.49
6465,4352.13
6468,5159.33
6471,880.60
6474,8318.62
6477,5618.44
6480,9775.37
6483,7793.00
6486,7246.44
6489,293.60
6492,7466.80
6495,3887.75
6498,5084.41
6501,2268.17
6504,1787.90
6507,4592.11
6510,6869.33
6513,2850.90
6516,8280.20
6519,7308.33
6522,6344.85
6525,7396.07
6528,1737.90
6531,1425.35
6534,4218.55
6537,2276.73
6540,8439.52
6543,3713.69
6546,9499.74
6549,8761.98
6552,4459.21
6555,1068.07
6558,7626.56
6561,7669.64
6564,4689.24
6567,6595.20
6570,7659.55
6573,1742.02
6576,1915.61
6579,4669.08
6582,3306.99
6585,2180.40
6588,4329.86
6591,6407.99
6594,3764.05
6597,7471.79
6600,4523.20
6603,4592.57
6606,2494.42
6609,8255.65
6612,8125.97
6615,2956.69
6618,3990.04
6621,1147.55
6624,7036.38
6627,2601.10
6630,3255.06
6633,1247.43
6636,3785.87
6639,2450.78
6642,3316.58
6645,8519.79
6648,2072.14
6651,4232.69
6654,5248.61
6657,181.50
6660,7229.55
6663,2832.95
6666,3763.30
6669,698.85
6672,9690.00
6675,9271.13
6678,5295.13
6681,7972.74
6684,4814.15
6687,2166.06
6690,398.29
6693,8727.83
6696,578.91
6699,480.36
6702,224.12
6705,5151.01
6708,8558.53
6711,9025.22
6714,6612.63
6717,9181.54
6720,5621.86
6723,2646.38
6726,5393.33
6729,8618.45
6732,4053.14
6735,7232.54
6738,2641.65
6741,3855.29
6744,2090.65
6747,6955.44
6750,4197.11
6753,5979.59
6756,3574.64
6759,2428.09
6762,9551.28
6765,3608.49
6768,4250.13
6771,5662.06
6774,3645.98
6777,5096.24
6780,7778.90
6783,4202.27
6786,959.91
6789,8294.74
6792,2515.82
6795,9413.71
6798,3143.26
6801,9167.01
6804,3608.11
6807,3597.70
6810,9668.45
6813,6012.94
6816,6884.23
6819,9420.54
6822,4577.03
6825,2070.32
6828,9488.08
6831,2524.67
6834,3198.22
6837,9179.01
6840,3045.74
6843,8993.17
6846,8727.24
6849,7218.28
6852,6088.92
6855,8097.16
6858,7779.34
6861,6224.36
6864,4756.86
6867,7404.79
6870,5620.60
6873,4346.03
6876,6714.55
6879,1176.48
6882,6802.21
6885,7075.23
6888,7334.40
6891,4352.37
6894,2813.01
6897,7515.43
6900,1457.92
6903,8271.24
6906,596.16
6909,8763.43
6912,6395.90
6915,2113.54
6918,1887.86
6921,9310.61
6924,2588.06
6927,676.89
6930,4076.24
6933,6410.09
6936,228.71
6939,5385.41
6942,691.40
6945,9196.57
6948,9213.58
6951,8455.06
6954,745.21
6957,5234.87
6960,8621.41
6963,8127.66
6966,8427.39
6969,1178.19
6972,4619.73
6975,4698.18
6978,8060.91
6981,7077.63
6984,5885.40
6987,2491.72
6990,9930.02
6993,7588.12
6996,9752.95
6999,3243.19
7002,7949.60
7005,5150.09
7008,8199.35
7011,8561.14
7014,2481.18
7017,8931.51
7020,3638.07
7023,1308.48
7026,7222.89
7029,7599.03
7032,1259.57
7035,6400.07
7038,5220.75
7041,2668.29
7044,6227.67
7047,576.12
7050,6704.76
7053,6777.00
7056,1870.20
7059,4684.70
7062,3539.65
7065,2331.95
7068,1086.03
7071,4682.65
7074,9721.98
7077,5440.94
7080,3903.40
7083,4768.11
7086,4187.87
7089,5425.90
7092,8384.45
7095,7704.17
7098,1081.08
7101,346.60
7104,7510.40
7107,3442.39
7110,5156.08
7113,2788.50
7116,5487.87
7119,39.01
7122,502.22
7125,4269.29
7128,1050.03
7131,8618.13
7134,5698.79
7137,5295.84
7140,4993.30
7143,603.51
7146,5567.42
7149,8377.98
7152,4293.07
7155,4868.43
7158,3872.46
7161,3339.00
7164,4678.66
7167,107.83
7170,3482.19
7173,4321.74
7176,9471.13
7179,5409.46
7182,9041.68
7185,294.91
7188,4481.60
7191,4561.88
7194,5192.91
7197,10032.74
7200,7008.09
7203,6147.16
7206,6415.27
7209,167.95
7212,1480.60
7215,3290.74
7218,7126.10
7221,9432.16
7224,1425.00
7227,8664.83
7230,3578.72
7233,842.96
7236,4209.58
7239,960.01
7242,5311.91
7245,6556.75
7248,6526.62
7251,7846.45
7254,2389.37
7257,5755.20
7260,3163.77
7263,988.34
7266,7879.73
7269,8210.62
7272,2811.78
7275,6310.41
7278,833.29
7281,7210.69
7284,409.57
7287,1573.85
7290,1528.52
7293,8955.39
7296,2944.92
7299,5093.75
7302,2939.31
7305,6812.68
7308,9142.09
7311,3947.08
7314,2829.88
7317,1232.36
7320,6302.65
7323,1406.52
7326,4126.63
7329,986.34
7332,3659.80
7335,5821.40
7338,9815.14
7341,9693.83
7344,5294.67
7347,1167.25
7350,9113.76
7353,5346.99
7356,4141.68
7359,9776.31
7362,4601.93
7365,6845.82
7368,3404.33
7371,4037.39
7374,8735.18
7377,9517.20
7380,772.91
7383,6602.60
7386,7100.53
7389,2457.00
7392,3298.09
7395,9280.23
7398,4192.30
7401,578.13
7404,9073.95
7407,8485.90
7410,2268.52
7413,9973.02
7416,4630.65
7419,7267.53
7422,2110.99
7425,7258.22
7428,8695.70
7431,929.45
7434,5770.04
7437,4797.30
7440,7387.28
7443,4913.13
7446,3002.65
7449,79.13
7452,4292.01
7455,4048.80
7458,7647.66
7461,2596.62
7464,623.26
7467,1672.04
7470,742.97
7473,845.13
7476,3733.24
7479,5666.02
7482,1428.52
7485,2622.03
7488,1502.07
7491,9073.03
7494,3006.60
7497,8058.19
7500,6814.70
7503,5061.98
7506,7487.06
7509,1877.64
7512,2919.87
7515,4959.07
7518,8512.34
7521,5099.86
7524,9585.60
7527,4531.61
7530,9670.47
7533,7564.42
7536,1728.51
7539,7162.65
7542,8245.97
7545,921.73
7548,528.53
7551,8056.50
7554,7995.83
7557,5153.32
7560,1176.68
7563,4954.05
7566,4630.05
7569,1928.25
7572,6435.38
7575,7914.97
7578,4575.26
7581,5245.81
7584,1378.58
7587,812.26
7590,6449.14
7593,4583.57
7596,5282.80
7599,6438.70
7602,6555.54
7605,8081.51
7608,2052.76
7611,3132.41
7614,3670.59
7617,9035.14
7620,4916.37
7623,6611.31
7626,6988.62
7629,9534.78
7632,1338.19
7635,6193.05
7638,7987.31
7641,1800.46
7644,5096.67
7647,4331.03
7650,6353.37
7653,5070.47
7656,6628.15
7659,3570.84
7662,8893.00
7665,8949.21
7668,4965.98
7671,1187.94
7674,6371.20
7677,193.71
7680,9430.68
7683,9140.40
7686,8179.23
7689,3995.31
7692,9298.59
7695,426.13
7698,7771.23
7701,4287.17
7704,6315.07
7707,5057.75
7710,4192.92
7713,5119.74
7716,652.84
7719,6575.31
7722,2076.81
7725,9606.04
7728,2963.99
7731,6467.12
7734,377.22
7737,3669.57
7740,287.58
7743,6329.93
7746,4674.53
7749,1676.92
7752,3487.42
7755,2432.35
7758,3553.33
7761,8456.82
7764,3344.07
7767,3810.73
7770,9649.53
7773,8854.72
7776,3665.38
7779,9178.81
7782,9491.41
7785,4235.24
7788,6088.92
7791,247.23
7794,8199.76
7797,9736.27
7800,5082.05
7803,9444.51
7806,6228.43
7809,290.43
7812,9192.00
7815,9885.85
7818,3770.68
7821,9673.76
7824,416.76
7827,272.66
7830,182.49
7833,2740.51
7836,6798.71
7839,4620.74
7842,226.89
7845,6372.15
7848,237.94
7851,525.49
7854,6491.80
7857,3046.60
7860,7754.81
7863,7640.81
7866,8053.21
7869,6011.82
7872,2818.85
7875,5680.68
7878,8951.15
7881,7632.48
7884,8582.30
7887,1137.47
7890,4937.19
7893,4239.47
7896,3245.47
7899,1428.73
7902,894.45
7905,8272.00
7908,1492.65
7911,9105.13
7914,9385.06
7917,4447.43
7920,7429.43
7923,6490.98
7926,7317.69
7929,3011.06
7932,2414.56
7935,489.35
7938,2307.67
7941,9583.75
7944,9244.26
7947,2422.35
7950,9946.46
7953,3479.66
7956,5893.11
7959,6885.92
7962,2695.90
7965,3402.18
7968,122.24
7971,8440.96
7974,7813.73
7977,6587.00
7980,6603.31
7983,5789.85
7986,9565.06
7989,922.52
7992,1735.61
7995,8933.46
7998,3481.95
8001,9208.56
8004,7048.22
8007,5806.75
8010,2304.81
8013,4075.97
8016,7427.73
8019,3645.46
8022,9183.40
8025,8386.18
8028,1689.21
8031,7143.28
8034,9551.65
8037,4326.10
8040,7165.65
8043,7093.76
8046,8772.05
8049,6967.85
8052,5815.20
8055,9479.14
8058,996.95
8061,8200.89
8064,2990.79
8067,9513.36
8070,8873.62
8073,4946.37
8076,6945.53
8079,3991.59
8082,1318.24
8085,8631.94
8088,2082.06
8091,7743.23
8094,8456.19
8097,2785.28
8100,7610.67
8103,8516.78
8106,3954.04
8109,857.13
8112,9410.82
8115,2310.99
8118,1375.99
8121,7127.40
8124,1745.71
8127,5681.25
8130,6123.22
8133,4593.91
8136,6992.06
8139,9282.20
8142,8726.31
8145,8772.75
8148,3929.82
8151,5461.98
8154,7798.37
8157,4888.26
8160,3046.34
8163,9792.36
8166,5064.51
8169,6842.03
8172,4742.94
8175,8171.09
8178,9615.99
8181,7326.89
8184,201.34
8187,6734.88
8190,6210.44
