8192,5713.98
8195,7013.97
8198,5451.98
8201,8587.74
8204,9106.71
8207,1346.69
8210,1523.53
8213,4236.86
8216,5208.43
8219,8400.59
8222,8697.97
8225,1907.32
8228,4946.09
8231,1217.36
8234,6803.94
8237,8832.29
8240,1054.74
8243,9860.71
8246,4061.29
8249,3553.94
8252,6685.33
8255,2614.39
8258,6508.41
8261,1474.25
8264,2469.07
8267,6351.79
8270,5868.44
8273,463.04
8276,8474.41
8279,9045.27
8282,8648.05
8285,8343.10
8288,9469.10
8291,2471.29
8294,2304.75
8297,6414.47
8300,7614.46
8303,1849.18
8306,231.99
8309,7917.53
8312,5971.06
8315,8677.30
8318,8081.12
8321,6141.23
8324,1107.94
8327,9579.92
8330,3964.56
8333,8500.60
8336,2838.38
8339,225.73
8342,4168.39
8345,9656.92
8348,9939.38
8351,6891.42
8354,3126.26
8357,4345.27
8360,228.59
8363,3940.01
8366,9926.32
8369,4999.49
8372,9221.65
8375,6728.26
8378,5242.38
8381,2727.89
8384,110.66
8387,5087.50
8390,6612.57
8393,5408.80
8396,9509.93
8399,4418.17
8402,8129.91
8405,6928.04
8408,6340.47
8411,7060.94
8414,5538.41
8417,776.16
8420,7709.37
8423,4155.31
8426,7285.85
8429,3343.86
8432,7689.75
8435,1368.96
8438,9048.10
8441,7391.59
8444,1758.07
8447,8275.31
8450,371.16
8453,2207.11
8456,145.48
8459,2844.67
8462,8521.65
8465,7587.98
8468,6986.33
8471,9446.16
8474,37.61
8477,10005.53
8480,366.47
8483,5008.29
8486,1969.71
8489,8138.79
8492,6604.58
8495,2003.34
8498,9945.91
8501,9624.46
8504,6174.96
8507,1713.03
8510,3989.01
8513,688.03
8516,2727.10
8519,6637.54
8522,7601.26
8525,7007.38
8528,771.82
8531,2368.70
8534,5879.51
8537,3165.62
8540,1059.98
8543,9745.32
8546,5518.69
8549,8491.18
8552,1898.01
8555,6468.77
8558,7981.31
8561,543.20
8564,1103.74
8567,9194.38
8570,9776.88
8573,4867.87
8576,5321.77
8579,4877.59
8582,5553.49
8585,3139.26
8588,9720.43
8591,330.67
8594,5755.39
8597,4731.52
8600,4048.43
8603,6975.46
8606,799.66
8609,121.59
8612,7729.96
8615,1106.73
8618,2385.23
8621,4400.77
8624,7441.89
8627,4959.01
8630,6025.41
8633,3435.03
8636,276.82
8639,5585.06
8642,4303.75
8645,6695.68
8648,3706.18
8651,9470.08
8654,8431.29
8657,4090.13
8660,4823.89
8663,3380.97
8666,3464.46
8669,4683.59
8672,5083.10
8675,5117.62
8678,7851.09
8681,1748.83
8684,5720.06
8687,5369.00
8690,8461.14
8693,8040.26
8696,5962.83
8699,7905.34
8702,2040.10
8705,6830.71
8708,6024.70
8711,5635.17
8714,5964.05
8717,4051.97
8720,8674.63
8723,4804.56
8726,1461.12
8729,1523.55
8732,471.51
8735,3195.30
8738,7303.49
8741,8768.84
8744,6493.99
8747,2338.60
8750,8645.33
8753,6801.73
8756,8711.43
8759,5346.90
8762,5099.85
8765,3317.11
8768,1983.30
8771,9149.89
8774,5282.63
8777,5972.24
8780,9280.32
8783,2826.39
8786,2198.48
8789,1223.89
8792,5798.44
8795,4036.90
8798,7175.78
8801,6475.86
8804,2307.06
8807,9860.29
8810,756.08
8813,8633.98
8816,6493.10
8819,1452.40
8822,3641.51
8825,6087.34
8828,9937.57
8831,144.89
8834,1243.42
8837,5033.52
8840,8917.70
8843,260.03
8846,4539.17
8849,629.90
8852,2200.04
8855,9726.78
8858,9407.18
8861,7140.34
8864,6084.93
8867,7967.30
8870,2031.87
8873,5885.12
8876,8456.68
8879,3642.06
8882,2494.94
8885,3198.91
8888,3257.89
8891,5421.65
8894,9260.51
8897,3970.30
8900,6542.24
8903,2629.77
8906,7433.60
8909,5758.82
8912,990.41
8915,5175.05
8918,1583.77
8921,8906.07
8924,9346.24
8927,6938.39
8930,4425.66
8933,1836.64
8936,7804.15
8939,2153.57
8942,8845.18
8945,6772.19
8948,1070.68
8951,693.58
8954,9978.93
8957,8411.69
8960,501.68
8963,1622.08
8966,4341.37
8969,1797.08
8972,7229.24
8975,4052.11
8978,5407.00
8981,596.88
8984,4190.22
8987,9124.24
8990,6865.79
8993,1898.52
8996,6128.11
8999,7104.52
9002,971.28
9005,8857.92
9008,7750.57
9011,1925.57
9014,7168.18
9017,5588.35
9020,9669.55
9023,4530.92
9026,8270.88
9029,6607.63
9032,1030.87
9035,2457.67
9038,4062.19
9041,6194.74
9044,174.22
9047,145.28
9050,6846.58
9053,2198.92
9056,1095.55
9059,3439.81
9062,2844.55
9065,6777.84
9068,306.69
9071,8445.15
9074,2617.05
9077,852.30
9080,8083.93
9083,9259.20
9086,7053.30
9089,2743.40
9092,9649.24
9095,7917.53
9098,1545.65
9101,8564.23
9104,6741.62
9107,5949.04
9110,3268.75
9113,1242.19
9116,1713.37
9119,7421.12
9122,7895.39
9125,1037.81
9128,2021.48
9131,702.09
9134,8214.57
9137,5245.53
9140,4958.89
9143,242.16
9146,8066.62
9149,2782.50
9152,4649.02
9155,2665.82
9158,9276.76
9161,542.15
9164,394.65
9167,4374.67
9170,4904.56
9173,4382.06
9176,8251.94
9179,6172.62
9182,1770.46
9185,5509.43
9188,156.91
9191,9646.85
1001,9287.40
9194,2675.12
1004,1390.53
9197,3465.37
1007,1529.39
9200,6289.38
1010,7020.00
9203,7533.49
1013,8480.23
9206,8653.75
1016,6797.29
9209,4922.26
1019,1413.82
9212,66.64
1022,8715.54
9215,125.23
1025,224.54
9218,2807.61
1028,9213.69
9221,7503.60
1031,7731.38
9224,3283.38
1034,7251.89
9227,4967.94
1037,7780.85
9230,6442.87
1040,3098.77
9233,482.94
1043,2216.50
9236,3942.09
1046,431.12
9239,5175.35
1049,5569.74
9242,4173.90
1052,3065.50
9245,9535.99
1055,2115.72
9248,316.51
1058,4230.20
9251,7231.02
1061,8193.11
9254,7229.59
1064,6743.06
9257,6717.15
1067,1423.00
9260,3802.73
1070,2536.31
9263,9141.09
1073,281.17
9266,4969.05
1076,7610.20
9269,4099.77
1079,8138.76
9272,7542.35
1082,1570.55
9275,5214.09
1085,2541.16
9278,5999.64
1088,6359.45
9281,9457.39
1091,1608.98
9284,8907.76
1094,6701.92
9287,6002.56
1097,4393.27
9290,8193.98
1100,8470.35
9293,1774.72
1103,5141.76
9296,4151.75
1106,9240.33
9299,5078.34
1109,9924.00
9302,6867.31
1112,7825.80
9305,1327.44
1115,6238.79
9308,6702.67
1118,1819.75
9311,5341.41
1121,5985.88
9314,9338.04
1124,8428.39
9317,8124.07
1127,5708.44
9320,6078.95
1130,5359.39
9323,8278.33
1133,5234.77
9326,3386.29
1136,6582.33
9329,8067.13
1139,6326.71
9332,3967.97
1142,2587.20
9335,1994.39
1145,7678.68
9338,634.64
1148,6890.73
9341,214.95
1151,1202.70
9344,4808.68
1154,7575.37
9347,791.78
1157,2567.10
9350,5617.50
1160,2363.62
9353,1626.76
1163,7840.57
9356,532.50
1166,4809.58
9359,8413.40
1169,6533.11
9362,6690.84
1172,6403.92
9365,5947.14
1175,6946.25
9368,3163.35
1178,2351.26
9371,5402.41
1181,1007.97
9374,1209.83
1184,8846.94
9377,1023.62
1187,3691.54
9380,4780.29
1190,3752.67
9383,5709.88
1193,2039.54
9386,7822.02
1196,4548.47
9389,1811.90
1199,9139.71
9392,8372.98
1202,2453.15
9395,2256.18
1205,9335.78
9398,9146.22
1208,6402.24
9401,7659.92
1211,1536.88
9404,7434.95
1214,4023.79
9407,439.79
1217,967.60
9410,9082.18
1220,1780.11
9413,8169.57
1223,1492.25
9416,9843.13
1226,9830.85
9419,7008.76
1229,6308.56
9422,3898.68
1232,1727.40
9425,3414.63
1235,1445.72
9428,390.73
1238,7102.64
9431,8328.63
1241,655.19
9434,7890.01
1244,9892.49
9437,2176.68
1247,6875.91
9440,4470.50
1250,9207.43
9443,9092.38
1253,3765.10
9446,6209.67
1256,8726.48
9449,7502.45
1259,716.53
9452,4742.14
1262,7808.90
9455,3099.53
1265,6497.78
9458,9888.56
1268,2653.51
9461,9208.00
1271,3925.50
9464,9268.34
1274,4747.82
9467,711.17
1277,645.36
9470,5632.57
1280,9698.42
9473,6131.56
1283,5854.27
9476,7193.52
1286,264.16
9479,198.94
1289,9441.59
9482,7222.99
1292,6725.44
9485,6827.88
1295,1015.07
9488,7623.51
1298,7052.47
9491,3303.68
1301,9102.55
9494,4905.07
1304,7403.92
9497,5514.11
1307,624.02
9500,6440.21
1310,9017.20
9503,2888.75
1313,9851.81
9506,9473.37
1316,2337.20
9509,395.75
1319,4829.09
9512,1444.20
1322,1055.24
9515,9164.34
1325,8884.04
9518,246.08
1328,2480.91
9521,4134.33
1331,57.03
9524,4208.75
1334,7221.71
9527,1024.19
1337,8544.54
9530,1269.22
1340,3895.95
9533,9387.02
1343,3783.63
9536,5155.33
1346,2413.42
9539,918.94
1349,7805.36
9542,5262.06
1352,7017.70
9545,8715.07
1355,8344.77
9548,341.89
1358,5756.22
9551,3102.52
1361,8378.17
9554,4232.14
1364,1112.68
9557,3426.73
1367,2691.92
9560,536.41
1370,6565.56
9563,2684.99
1373,2124.64
9566,3060.18
1376,7799.27
9569,5986.62
1379,8849.92
9572,4432.54
1382,5272.79
9575,2514.58
1385,8652.94
9578,8971.60
1388,4780.76
9581,7522.00
1391,4658.50
9584,8865.39
1394,1404.69
9587,6552.96
1397,6148.66
9590,7959.43
1400,8479.56
9593,9740.16
1403,313.95
9596,8871.97
1406,2916.23
9599,8654.30
1409,10030.39
9602,2430.16
1412,306.30
9605,3924.54
1415,7483.61
9608,4825.35
1418,2964.28
9611,329.01
1421,350.28
9614,1221.13
1424,8478.05
9617,6237.86
1427,264.47
9620,2441.23
1430,1504.87
9623,4196.28
1433,7119.71
9626,3406.48
1436,4331.91
9629,2124.70
1439,367.26
9632,3305.26
1442,8337.81
9635,7381.67
1445,6095.96
9638,4751.37
1448,6525.25
9641,7010.48
1451,7323.43
9644,2288.67
1454,262.04
9647,7152.05
1457,9107.54
9650,2557.95
1460,5006.26
9653,3799.64
1463,2612.71
9656,2972.80
1466,213.90
9659,9955.79
1469,1966.78
9662,3402.44
1472,6291.42
9665,2215.17
1475,9573.42
9668,1459.67
1478,7624.93
9671,9328.92
1481,9158.22
9674,8714.86
1484,5524.34
9677,9701.96
1487,9933.91
9680,346.19
1490,9648.14
9683,7653.06
1493,4264.92
9686,9552.34
1496,3761.53
9689,2819.78
1499,3999.33
9692,3411.18
1502,7320.47
9695,2632.01
1505,5347.81
9698,8801.33
1508,9353.23
9701,2989.87
1511,7130.04
9704,8916.88
1514,9000.44
9707,6741.73
1517,4324.68
9710,8015.62
1520,6050.99
9713,7957.32
1523,5526.32
9716,561.57
1526,4347.99
9719,589.89
1529,3280.04
9722,1615.95
1532,6229.38
9725,3391.39
1535,1217.06
9728,6592.50
1538,6857.50
9731,5900.36
1541,7032.99
9734,6259.40
1544,817.27
9737,5241.41
1547,1555.41
9740,1137.22
1550,7502.54
9743,6129.98
1553,1053.78
9746,769.67
1556,1682.65
9749,7918.84
1559,3466.75
9752,8314.62
1562,9375.78
9755,1821.94
1565,1487.09
9758,3835.31
1568,1237.87
9761,3868.20
1571,6759.30
9764,2462.01
1574,8190.63
9767,977.07
1577,8377.24
9770,401.89
1580,752.51
9773,4827.19
1583,3108.29
9776,5467.61
1586,4804.39
9779,5110.73
1589,4141.52
9782,8006.40
1592,1231.50
9785,6474.42
1595,1957.47
9788,9381.32
1598,4560.62
9791,7292.14
1601,6392.75
9794,6663.27
1604,8214.83
9797,7324.43
1607,6400.91
9800,3270.09
1610,6881.06
9803,7098.11
1613,5630.62
9806,8761.01
1616,2683.15
9809,5918.46
1619,6455.33
9812,2340.81
1622,9677.36
9815,5270.50
1625,9624.63
9818,4536.15
1628,5981.02
9821,5896.41
1631,6359.02
9824,8778.43
1634,6368.75
9827,1103.02
1637,2929.79
9830,2014.81
1640,4454.77
9833,1037.54
1643,1190.37
9836,9506.89
1646,5979.95
9839,3335.20
1649,7625.88
9842,7536.19
1652,9562.82
9845,3946.78
1655,2900.54
9848,7621.86
1658,1238.86
9851,1241.92
1661,493.28
9854,3012.34
1664,1540.70
9857,5577.74
1667,169.13
9860,6454.35
1670,1008.41
9863,1950.82
1673,1841.80
9866,762.35
1676,2078.69
9869,4023.76
1679,855.87
9872,7636.25
1682,3871.51
9875,3364.07
1685,8386.69
9878,7179.20
1688,9938.07
9881,6923.66
1691,7095.20
9884,3741.84
1694,3323.82
9887,5753.54
1697,1613.54
9890,9114.28
1700,6358.92
9893,7136.30
1703,5136.35
9896,2903.36
1706,10053.23
9899,3127.35
1709,832.46
9902,7188.30
1712,9380.77
9905,5489.72
1715,4644.14
9908,2720.50
1718,5245.32
9911,2579.12
1721,3286.16
9914,3514.92
1724,2804.04
9917,8098.59
1727,7833.78
9920,5735.06
1730,5379.38
9923,2082.43
1733,344.21
9926,5729.91
1736,2765.48
9929,2121.48
1739,4713.71
9932,4883.22
1742,6054.13
9935,205.70
1745,6821.34
9938,9435.77
1748,1969.14
9941,1222.23
1751,1106.34
9944,9420.18
1754,4139.26
9947,7995.19
1757,8427.52
9950,9646.51
1760,4907.72
9953,2126.45
1763,1255.90
9956,1974.41
1766,9108.59
9959,2623.27
1769,6681.14
9962,1330.17
1772,4195.22
9965,7255.36
1775,1595.63
9968,6937.43
1778,9489.43
9971,1743.90
1781,4784.86
9974,6886.59
1784,6887.09
9977,6317.91
1787,3109.18
9980,2404.85
1790,4015.08
9983,1637.72
1793,1687.07
9986,9761.70
1796,7321.06
9989,738.65
1799,4359.58
9992,3890.76
1802,2975.50
9995,6272.52
1805,6898.92
9998,4455.34
1808,1274.90
10001,2066.41
1811,1499.63
10004,157.20
1814,8602.58
10007,5724.49
1817,3366.21
10010,6572.46
1820,4253.57
10013,1484.78
1823,7442.37
10016,8106.67
1826,1659.89
10019,1354.99
1829,6979.01
10022,304.74
1832,6455.14
10025,5937.69
1835,6027.92
10028,7503.67
1838,513.04
10031,7044.07
1841,3269.76
10034,7585.82
1844,4809.11
10037,6456.45
1847,2902.14
10040,5839.10
1850,2189.99
10043,5581.19
1853,7296.34
10046,4504.45
1856,6579.65
10049,9779.39
1859,1793.48
10052,9904.04
1862,2829.22
10055,3932.93
1865,5692.61
10058,1654.02
1868,3702.99
10061,6981.74
1871,9144.46
10064,7688.67
1874,6761.49
10067,1282.07
1877,6503.96
10070,967.35
1880,3661.48
10073,1685.55
1883,4099.25
10076,6990.18
1886,7479.42
10079,8092.62
1889,4824.67
10082,435.59
1892,8916.52
10085,6881.72
1895,792.31
10088,5197.19
1898,7391.24
10091,1868.69
1901,7611.44
10094,5449.56
1904,815.88
10097,2798.97
1907,3988.85
10100,3766.02
1910,4989.74
10103,7520.25
1913,4641.64
10106,231.77
1916,8158.87
10109,1427.20
1919,2419.05
10112,3515.43
1922,6718.63
10115,6550.96
1925,3362.41
10118,8165.82
1928,1586.99
10121,6387.62
1931,9175.16
10124,5808.70
1934,7622.77
10127,9174.04
1937,9731.42
10130,6440.17
1940,5891.40
10133,5745.58
1943,9796.12
10136,5039.40
1946,9287.91
10139,1101.91
1949,8202.48
10142,4819.15
1952,2720.19
10145,228.70
1955,9112.11
10148,1553.98
1958,5465.31
10151,8184.84
1961,6971.17
10154,4131.27
1964,708.90
10157,9661.72
1967,5605.15
10160,8657.95
1970,8609.40
10163,209.15
1973,5511.26
10166,9084.58
1976,9138.10
10169,2037.21
1979,6703.62
10172,516.27
1982,4891.10
10175,9740.93
1985,8923.15
10178,9786.21
1988,7250.68
10181,2965.45
1991,8101.93
10184,3595.64
1994,8721.14
10187,2754.13
1997,2424.65
10190,9649.50
2000,6497.37
10193,6118.65
2003,3970.99
10196,2997.46
2006,8599.43
10199,6096.09
2009,2000.60
10202,2895.68
2012,1438.57
10205,4663.29
2015,4262.12
10208,1951.54
2018,7462.78
10211,8589.92
2021,5178.62
10214,3653.89
2024,1460.41
10217,2529.59
2027,8657.12
10220,3885.77
2030,4945.52
10223,5203.70
2033,9523.19
10226,1870.85
2036,7759.83
10229,4628.88
2039,4824.47
10232,4431.05
2042,8856.16
10235,3154.40
2045,2833.69
10238,3021.12
2048,3700.23
10241,5907.53
2051,9560.95
10244,1259.25
2054,1988.43
10247,2079.27
2057,3240.31
10250,1984.39
2060,4085.13
10253,4403.68
2063,8792.22
10256,7936.86
2066,9085.24
10259,6710.19
2069,7072.19
10262,2203.64
2072,9284.78
10265,7776.90
2075,608.56
10268,2875.78
2078,3387.81
10271,1592.51
2081,2839.76
10274,6078.81
2084,5429.94
10277,8488.21
2087,4456.85
10280,6212.87
2090,8823.09
10283,6304.13
2093,1835.23
10286,4850.96
2096,9004.64
10289,8654.52
2099,8547.29
10292,847.04
2102,7138.95
10295,3203.90
2105,5844.34
10298,3759.47
2108,7463.22
10301,949.65
2111,3637.08
10304,2534.67
2114,2341.87
10307,4612.82
2117,3183.47
10310,5479.43
2120,3232.96
10313,4253.87
2123,2458.77
10316,4217.85
2126,2909.69
10319,9304.66
2129,4392.02
10322,6993.66
2132,847.28
10325,8412.08
2135,9197.49
10328,6856.52
2138,8766.56
10331,2533.14
2141,6392.59
10334,2719.31
2144,9857.78
10337,2974.80
2147,8373.44
10340,7215.98
2150,9122.26
10343,115.07
2153,1908.11
10346,5896.15
2156,693.96
10349,5924.62
2159,720.53
10352,3378.13
2162,1774.06
10355,6419.56
2165,3140.81
10358,3976.44
2168,1012.41
10361,1293.78
2171,8492.94
10364,9027.39
2174,7682.30
10367,3065.06
2177,950.76
10370,9670.73
2180,5450.48
10373,7906.38
2183,8700.51
10376,5088.14
2186,2376.57
10379,7681.83
2189,8683.61
10382,8938.45
2192,6434.18
10385,7377.54
2195,2736.75
10388,6039.74
2198,3171.48
10391,674.07
2201,7556.74
10394,319.12
2204,1773.92
10397,4198.00
2207,9975.61
10400,1552.27
2210,2823.80
10403,9513.31
2213,6822.05
10406,1875.59
2216,1604.26
10409,4969.59
2219,1070.60
10412,9420.31
2222,2898.54
10415,3878.17
2225,1798.53
10418,3397.02
2228,2346.62
10421,963.17
2231,480.84
10424,7804.97
2234,9582.64
10427,7062.28
2237,8908.99
10430,9298.74
2240,8158.84
10433,965.82
2243,2857.49
10436,1389.08
2246,7643.16
10439,2082.11
2249,7849.06
10442,3349.00
2252,1845.86
10445,7535.19
2255,7919.31
10448,8431.02
2258,7904.98
10451,9112.13
2261,6484.93
10454,2904.92
2264,3158.01
10457,3798.24
2267,4227.14
10460,8837.41
2270,306.17
10463,3883.12
2273,8946.54
10466,2088.68
2276,8692.11
10469,5483.72
2279,3116.74
10472,8345.65
2282,4140.92
10475,6559.86
2285,6707.57
10478,4981.42
2288,2992.93
10481,8844.15
2291,10029.64
10484,3146.00
2294,6305.87
10487,280.30
2297,1613.00
10490,8652.35
2300,4398.12
10493,9730.01
2303,9177.96
10496,587.68
2306,942.03
10499,9239.67
2309,8259.70
10502,1435.11
2312,3964.35
10505,762.20
2315,6918.66
10508,8631.32
2318,7297.91
10511,4865.07
2321,2360.09
10514,8807.23
2324,7761.29
10517,4120.77
2327,918.10
10520,5939.77
2330,5495.44
10523,7001.16
2333,5907.80
10526,9083.93
2336,2544.88
10529,2643.84
2339,6991.16
10532,2138.92
2342,7397.33
10535,9345.33
2345,1219.50
10538,2062.81
2348,2174.73
10541,8835.53
2351,9947.11
10544,1510.88
2354,1138.94
10547,2495.42
2357,8968.82
10550,6145.57
2360,671.70
10553,6631.98
2363,2120.72
10556,462.16
2366,3224.33
10559,4309.57
2369,2854.03
10562,6579.91
2372,993.78
10565,5400.03
2375,3841.21
10568,4943.76
2378,1471.46
10571,7738.03
2381,8861.12
10574,5371.62
2384,1141.57
10577,2018.02
2387,7715.56
10580,6020.50
2390,1651.28
10583,194.92
2393,2875.58
10586,9344.95
2396,7206.21
10589,5770.42
2399,4044.54
10592,7458.29
2402,7951.96
10595,3180.35
2405,1996.35
10598,6023.99
2408,8031.00
10601,4809.68
2411,4430.72
10604,3448.05
2414,2319.76
10607,4033.71
2417,4435.59
10610,2448.49
2420,1916.70
10613,1773.44
2423,4396.26
10616,3750.18
2426,5541.90
10619,6919.57
2429,5534.43
10622,5789.61
2432,2456.29
10625,9417.57
2435,2889.65
10628,8265.10
2438,1754.81
10631,8367.98
2441,969.67
10634,2519.66
2444,9197.67
10637,7488.16
2447,4510.09
10640,1655.32
2450,2142.73
10643,3264.79
2453,789.42
10646,7382.45
2456,9653.09
10649,6979.11
2459,272.54
10652,1307.22
2462,3601.90
10655,5041.58
2465,3661.14
10658,9502.38
2468,787.10
10661,447.68
2471,5918.89
10664,3106.71
2474,8409.19
10667,9692.98
2477,9210.76
10670,8057.52
2480,6745.95
10673,1514.66
2483,2456.16
10676,2883.71
2486,1572.46
10679,3055.98
2489,4544.65
10682,2328.33
2492,3636.10
10685,2366.41
2495,7944.36
10688,8383.06
2498,6572.76
10691,3593.08
2501,7574.36
10694,9425.88
2504,7590.13
10697,1418.17
2507,1771.87
10700,2581.99
2510,4837.34
10703,5012.37
2513,2285.42
10706,3334.55
2516,5899.36
10709,1237.41
2519,9763.13
10712,9160.57
2522,5278.91
10715,4599.29
2525,1978.32
10718,107.56
2528,1511.65
10721,9033.70
2531,5291.45
10724,4112.28
2534,3013.82
10727,9060.54
2537,9493.10
10730,7833.35
2540,4969.80
10733,6118.20
2543,2310.83
10736,1818.11
2546,6100.63
10739,587.12
2549,5368.91
10742,2164.31
2552,1573.39
10745,2499.17
2555,4684.36
10748,8784.52
2558,1059.84
10751,7144.60
2561,8272.98
10754,4742.25
2564,1031.81
10757,2743.56
2567,8752.95
10760,9227.38
2570,8065.15
10763,9604.65
2573,5931.17
10766,5008.22
2576,9491.37
10769,4669.18
2579,5034.43
10772,3289.18
2582,8855.87
10775,701.88
2585,6479.51
10778,7301.59
2588,6352.27
10781,7359.39
2591,8103.10
10784,2359.18
2594,3383.86
10787,1351.16
2597,3647.73
10790,3870.14
2600,9610.91
10793,2908.50
2603,1867.44
10796,9007.71
2606,4633.60
10799,4545.92
2609,4617.15
10802,2558.73
2612,2442.51
10805,8206.53
2615,7740.05
10808,1219.29
2618,6214.05
10811,3617.38
2621,2357.00
10814,8762.85
2624,6046.91
10817,6542.44
2627,6039.56
10820,4529.62
2630,5679.18
10823,5729.10
2633,7267.86
10826,2215.75
2636,180.51
10829,684.54
2639,8558.74
10832,635.40
2642,2970.74
10835,3460.83
2645,2162.92
10838,2017.63
2648,1002.18
10841,2160.57
2651,3455.63
10844,4895.52
2654,5293.61
10847,4809.52
2657,9043.30
10850,7368.81
2660,5100.37
10853,5476.25
2663,5204.83
10856,2522.88
2666,6948.06
10859,3884.85
2669,9566.20
10862,9867.11
2672,6586.84
10865,2361.29
2675,8263.78
10868,3231.29
2678,526.99
10871,5251.96
2681,4880.03
10874,3781.94
2684,5792.55
10877,3151.15
2687,6009.78
10880,9227.09
2690,1726.52
10883,4447.50
2693,9181.09
10886,6899.80
2696,293.19
10889,5126.20
2699,403.94
10892,4878.39
2702,219.59
10895,6886.76
2705,9161.36
10898,3298.72
2708,9031.75
10901,4402.37
2711,7722.53
10904,3362.91
2714,1462.67
10907,9337.77
2717,9579.65
10910,4334.39
2720,6059.62
10913,5520.82
2723,4515.27
10916,4842.75
2726,9254.88
10919,796.68
2729,1613.40
10922,1907.54
2732,4492.52
10925,1614.05
2735,9488.33
10928,8083.36
2738,9650.18
10931,4426.43
2741,3966.96
10934,4903.94
2744,2077.98
10937,917.60
2747,874.37
10940,7254.95
2750,6527.59
10943,8585.81
2753,6074.12
10946,6178.43
2756,7208.93
10949,4642.54
2759,249.90
10952,8647.98
2762,7417.63
10955,8081.44
2765,9028.07
10958,1966.64
2768,1240.70
10961,4344.26
2771,940.65
10964,2600.17
2774,1059.35
10967,7987.08
2777,2592.73
10970,7147.34
2780,7294.03
10973,4623.27
2783,9417.28
10976,4978.19
2786,3357.01
10979,6100.91
2789,8174.01
10982,9576.06
2792,3305.05
10985,6355.72
2795,4851.24
10988,8541.23
2798,2535.56
10991,2322.81
2801,8001.23
10994,7912.13
2804,6982.49
10997,8191.24
2807,5209.69
2810,4472.01
2813,3834.55
2816,7967.67
2819,1117.64
2822,5121.54
2825,4666.67
2828,7474.77
2831,584.09
2834,6079.87
2837,4668.34
2840,6453.85
2843,9067.33
2846,2220.33
2849,9501.91
2852,941.70
2855,10072.16
2858,6610.28
2861,6448.51
2864,7607.08
2867,2038.35
2870,3365.65
2873,3126.42
2876,5572.33
2879,2981.09
2882,8055.39
2885,1532.02
2888,822.49
2891,6907.80
2894,154.43
2897,3399.81
2900,9438.87
2903,9255.03
2906,1741.30
2909,4907.91
2912,9000.98
2915,4929.78
2918,5661.51
2921,9579.43
2924,3934.86
2927,6165.11
2930,977.29
2933,5721.85
2936,8410.74
2939,8180.04
2942,192.05
2945,7611.53
2948,171.84
2951,8013.83
2954,2324.08
2957,1133.92
2960,3157.56
2963,9844.85
2966,1303.55
2969,5528.78
2972,2831.61
2975,1764.97
2978,6230.11
2981,423.73
2984,5927.47
2987,9068.58
2990,5387.16
2993,5793.85
2996,8894.90
2999,3410.07
3002,801.05
3005,7586.04
3008,8921.22
3011,9485.15
3014,1100.43
3017,4288.49
3020,5153.14
3023,3621.31
3026,7035.87
3029,7369.69
3032,3340.64
3035,8912.52
3038,9312.68
3041,8787.22
3044,5710.65
3047,101.42
3050,2571.66
3053,7341.07
3056,8140.96
3059,5371.21
3062,6689.30
3065,4164.59
3068,130.91
3071,2787.03
3074,6573.06
3077,6524.89
3080,2499.18
3083,483.53
3086,8412.38
3089,1376.85
3092,8858.01
3095,9484.47
3098,7771.40
3101,6550.64
3104,6553.63
3107,6220.84
3110,9517.71
3113,1044.12
3116,4085.70
3119,3931.70
3122,3791.37
3125,6071.51
3128,2366.71
3131,6946.21
3134,393.00
3137,4976.16
3140,1006.19
3143,3925.93
3146,6933.61
3149,920.59
3152,5624.63
3155,6056.23
3158,9811.38
3161,8968.74
3164,2446.25
3167,9067.80
3170,8431.57
3173,4215.90
3176,7906.91
3179,2258.20
3182,5932.21
3185,3190.18
3188,8581.09
3191,3021.47
3194,5560.89
3197,9865.88
3200,8430.95
3203,4818.24
3206,9805.76
3209,9550.96
3212,7048.60
3215,2384.16
3218,6350.43
3221,277.10
3224,8990.51
3227,270.50
3230,6901.68
3233,9598.49
3236,2808.20
3239,1258.90
3242,8151.25
3245,4167.15
3248,7377.08
3251,10009.95
3254,6011.27
3257,4862.34
3260,8098.84
3263,7894.06
3266,3558.12
3269,8297.92
3272,1761.14
3275,9231.67
3278,5660.81
3281,8528.55
3284,376.93
3287,356.72
3290,5474.87
3293,7595.52
3296,586.28
3299,4321.73
3302,1719.27
3305,791.20
3308,9784.70
3311,8408.62
3314,7343.95
3317,3862.81
3320,6627.18
3323,4901.18
3326,2274.11
3329,6063.77
3332,5369.74
3335,7815.71
3338,391.53
3341,2325.75
3344,5356.62
3347,6887.38
3350,5736.86
3353,6369.94
3356,6731.59
3359,9806.53
3362,6943.93
3365,6522.31
3368,3806.70
3371,1380.31
3374,9451.55
3377,5013.39
3380,7556.69
3383,135.20
3386,9465.83
3389,1892.41
3392,9232.51
3395,1540.30
3398,3172.58
3401,8281.02
3404,1971.98
3407,5955.02
3410,724.91
3413,5856.79
3416,3695.18
3419,4279.86
3422,4015.72
3425,6579.33
3428,5281.85
3431,6684.52
3434,1995.14
3437,6644.36
3440,8198.64
3443,6663.45
3446,5231.55
3449,9310.37
3452,3334.85
3455,2438.22
3458,4201.83
3461,3702.48
3464,312.62
3467,8327.69
3470,5568.92
3473,3555.71
3476,5432.65
3479,4000.60
3482,2369.56
3485,6573.79
3488,4547.93
3491,873.05
3494,1158.26
3497,2122.80
3500,8626.20
3503,2504.54
3506,8550.04
3509,2630.72
3512,4623.22
3515,1756.21
3518,199.74
3521,420.56
3524,3832.49
3527,4450.08
3530,1713.12
3533,4479.24
3536,4929.66
3539,4673.81
3542,6762.40
3545,8166.67
3548,5564.71
3551,2882.77
3554,6553.98
3557,250.27
3560,1925.69
3563,3549.25
3566,5189.23
3569,4875.61
3572,2090.66
3575,3159.74
3578,8998.39
3581,2499.52
3584,3796.15
3587,2102.19
3590,3095.00
3593,5758.03
3596,2388.10
3599,3390.73
3602,3588.16
3605,2423.35
3608,531.28
3611,1276.70
3614,4662.76
3617,2208.50
3620,174.59
3623,1247.08
3626,5587.35
3629,627.89
3632,5600.58
3635,2447.77
3638,2030.95
3641,9672.45
3644,1514.89
3647,4510.89
3650,9364.04
3653,2890.35
3656,8508.15
3659,4903.32
3662,9300.77
3665,6573.78
3668,9601.62
3671,6540.02
3674,5005.78
3677,2372.85
3680,8447.58
3683,8887.56
3686,788.29
3689,5653.87
3692,2612.93
3695,1118.72
3698,6928.58
3701,1273.91
3704,8922.24
3707,8387.58
3710,5839.90
3713,8657.56
3716,7268.16
3719,7514.78
3722,6068.39
3725,1391.76
3728,7216.79
3731,2363.02
3734,3423.96
3737,2432.19
3740,1160.91
3743,344.75
3746,5982.45
3749,3400.02
3752,6997.66
3755,7276.84
3758,6486.41
3761,6443.46
3764,3801.36
3767,8769.31
3770,5283.03
3773,2524.34
3776,1402.82
3779,7192.15
3782,8776.29
3785,5849.18
3788,1832.73
3791,2576.28
3794,1287.26
3797,3662.22
3800,9473.29
3803,9514.56
3806,4559.99
3809,7479.33
3812,8570.29
3815,5680.79
3818,5596.60
3821,8455.50
3824,2120.04
3827,5019.91
3830,1607.62
3833,413.58
3836,2614.53
3839,1472.46
3842,9135.51
3845,4235.32
3848,4058.51
3851,5498.61
3854,3164.36
3857,6537.45
3860,901.07
3863,1572.24
3866,4475.92
3869,8035.82
3872,5907.17
3875,719.77
3878,3883.42
3881,9599.13
3884,7020.88
3887,7988.73
3890,5150.96
3893,5567.69
3896,148.86
3899,5897.44
3902,1008.76
3905,2559.03
3908,308.11
3911,6137.31
3914,144.36
3917,3183.00
3920,7239.41
3923,8170.39
3926,8257.47
3929,8625.91
3932,9710.64
3935,6301.53
3938,2751.50
3941,7677.05
3944,5499.38
3947,3396.40
3950,3371.99
3953,8843.41
3956,228.25
3959,9875.92
3962,7597.46
3965,8780.13
3968,1605.60
3971,1124.02
3974,5724.66
3977,4957.21
3980,6450.55
3983,6178.72
3986,4736.05
3989,8473.09
3992,1500.89
3995,2126.27
3998,4689.56
4001,8365.64
4004,9384.21
4007,6740.57
4010,9718.59
4013,8491.24
4016,8047.49
4019,2195.05
4022,6691.29
4025,1344.49
4028,916.27
4031,2291.83
4034,1852.05
4037,7772.92
4040,4871.65
4043,2666.54
4046,5328.51
4049,7708.91
4052,7159.12
4055,8791.17
4058,7973.51
4061,3886.71
4064,5220.73
4067,251.99
4070,9921.48
4073,3362.89
4076,1394.28
4079,8203.62
4082,6008.90
4085,5916.31
4088,7570.22
4091,7118.96
4094,728.23
4097,6458.68
4100,9843.48
4103,3021.80
4106,7664.16
4109,2879.10
4112,226.41
4115,7366.91
4118,3590.76
4121,8896.56
4124,319.42
4127,8963.61
4130,6619.61
4133,9067.87
4136,3458.47
4139,5419.65
4142,8229.10
4145,5777.69
4148,6190.01
4151,2952.05
4154,142.09
4157,6614.42
4160,2651.74
4163,4023.50
4166,3714.21
4169,2089.55
4172,7409.77
4175,5727.09
4178,8732.96
4181,995.00
4184,3403.77
4187,9527.13
4190,8443.76
4193,8673.61
4196,7310.23
4199,8726.62
4202,8897.45
4205,4245.54
4208,5389.31
4211,2522.29
4214,4302.79
4217,287.84
4220,9737.82
4223,252.33
4226,256.89
4229,236.19
4232,2738.57
4235,6656.66
4238,3832.23
4241,5504.80
4244,966.17
4247,602.38
4250,8108.10
4253,607.79
4256,3076.30
4259,8100.84
4262,9020.61
4265,2146.68
4268,1551.71
4271,8126.15
4274,2887.96
4277,2924.81
4280,8755.87
4283,6843.29
4286,8936.07
4289,5630.96
4292,1595.44
4295,4463.63
4298,4192.27
4301,1096.62
4304,9216.17
4307,6221.42
4310,9406.47
4313,8424.80
4316,8194.02
4319,2387.94
4322,8028.58
4325,3474.53
4328,291.77
4331,2425.15
4334,6443.60
4337,5511.40
4340,2396.92
4343,9234.55
4346,4377.89
4349,6844.80
4352,8460.80
4355,4325.91
4358,6322.27
4361,5186.59
4364,2331.03
4367,2278.61
4370,2543.69
4373,8081.93
4376,2942.24
4379,3613.94
4382,835.04
4385,9752.62
4388,9696.30
4391,5995.82
4394,5635.73
4397,1752.90
4400,1101.96
4403,4136.26
4406,4461.28
4409,9023.98
4412,6548.58
4415,9625.54
4418,8292.32
4421,464.56
4424,4536.32
4427,2772.33
4430,4781.26
4433,4894.71
4436,9862.06
4439,6886.83
4442,6511.28
4445,8491.47
4448,5491.96
4451,5778.03
4454,8470.54
4457,2160.36
4460,3256.04
4463,924.19
4466,7713.37
4469,8998.06
4472,5012.71
4475,1972.66
4478,6809.94
4481,6412.56
4484,3385.05
4487,8465.24
4490,7841.55
4493,1816.13
4496,156.68
4499,4819.09
4502,8087.88
4505,5112.67
4508,3192.62
4511,2366.84
4514,5409.91
4517,2010.09
4520,425.72
4523,4472.71
4526,2456.08
4529,6180.43
4532,934.38
4535,6043.17
4538,2524.98
4541,2060.66
4544,572.23
4547,1917.46
4550,5378.49
4553,944.83
4556,9699.56
4559,1365.57
4562,198.48
4565,2916.88
4568,3123.97
4571,130.69
4574,8076.44
4577,512.94
4580,8716.94
4583,2760.13
4586,284.72
4589,4643.40
4592,7085.09
4595,4764.34
4598,6354.89
4601,2463.88
4604,781.11
4607,3868.06
4610,1728.74
4613,5008.99
4616,747.28
4619,5973.17
4622,658.64
4625,3866.91
4628,1329.01
4631,270.23
4634,7895.57
4637,1607.93
4640,6861.51
4643,2395.11
4646,1753.19
4649,5071.98
4652,1336.24
4655,2582.01
4658,2872.47
4661,4391.19
4664,1840.58
4667,6529.23
4670,4204.08
4673,242.18
4676,2720.65
4679,9744.76
4682,6827.03
4685,7738.52
4688,6030.99
4691,2773.14
4694,8940.73
4697,649.24
4700,6714.39
4703,7103.72
4706,6246.48
4709,395.81
4712,2704.49
4715,4487.57
4718,2978.99
4721,3975.53
4724,261.53
4727,6172.58
4730,6077.45
4733,5740.24
4736,2318.06
4739,6451.14
4742,4344.53
4745,1020.18
4748,1000.91
4751,8921.50
4754,8389.87
4757,6620.44
4760,4166.68
4763,9226.67
4766,4256.90
4769,1317.29
4772,2084.44
4775,675.24
4778,7005.49
4781,3786.30
4784,5096.48
4787,6304.97
4790,846.63
4793,4239.12
4796,8961.25
4799,3248.59
4802,8942.95
4805,455.99
4808,4678.14
4811,2289.09
4814,557.26
4817,6234.07
4820,2343.12
4823,8843.54
4826,7413.80
4829,8172.86
4832,1594.40
4835,5338.12
4838,163.16
4841,5035.89
4844,2388.13
4847,9848.70
4850,2208.33
4853,4924.58
4856,8280.91
4859,599.16
4862,1784.14
4865,6074.01
4868,9408.75
4871,6691.60
4874,5874.02
4877,3982.25
4880,4505.49
4883,2990.28
4886,3195.96
4889,9493.29
4892,7317.52
4895,1250.04
4898,483.66
4901,504.25
4904,3120.45
4907,2598.04
4910,4307.83
4913,7990.40
4916,5177.55
4919,8502.40
4922,8418.43
4925,1811.27
4928,3467.47
4931,6399.87
4934,8981.49
4937,6993.06
4940,5694.75
4943,6651.37
4946,7183.34
4949,4781.85
4952,4557.07
4955,9147.10
4958,8856.34
4961,4522.83
4964,5969.58
4967,4190.16
4970,7663.03
4973,1884.69
4976,3130.82
4979,1325.04
4982,9723.68
4985,4918.98
4988,9356.70
4991,2162.27
4994,7370.92
4997,7580.21
5000,1964.67
5003,8952.61
5006,4433.91
5009,1043.76
5012,4816.28
5015,2095.95
5018,7354.52
5021,6063.28
5024,2979.82
5027,9659.11
5030,9457.04
5033,8988.06
5036,8562.39
5039,8230.19
5042,1052.91
5045,2965.80
5048,9358.21
5051,3368.60
5054,7550.84
5057,5987.25
5060,6724.35
5063,5792.09
5066,5102.02
5069,8399.07
5072,1511.12
5075,173.81
5078,8724.99
5081,8002.42
5084,2923.34
5087,1812.30
5090,9800.24
5093,3211.75
5096,4084.01
5099,1555.31
5102,5581.58
5105,982.30
5108,3528.87
5111,1241.24
5114,3589.67
5117,5466.14
5120,7773.69
5123,7448.57
5126,8120.11
5129,289.41
5132,7813.01
5135,10075.41
5138,7797.72
5141,6724.62
5144,7249.66
5147,109.67
5150,8067.40
5153,2156.57
5156,6082.70
5159,6633.28
5162,2408.21
5165,7934.13
5168,8676.46
5171,5557.33
5174,9687.08
5177,6196.84
5180,9932.79
5183,7276.30
5186,1996.03
5189,8194.07
5192,5509.29
5195,3609.80
5198,4393.37
5201,2173.07
5204,2931.73
5207,7271.77
5210,4775.92
5213,541.47
5216,7921.64
5219,9857.51
5222,4500.07
5225,242.80
5228,9551.52
5231,9704.99
5234,8065.69
5237,3388.10
5240,3833.53
5243,427.57
5246,1342.44
5249,3373.69
5252,1895.59
5255,2042.54
5258,5732.34
5261,5641.57
5264,7937.40
5267,3963.92
5270,7488.37
5273,4268.79
5276,5290.61
5279,9398.02
5282,2354.90
5285,4811.02
5288,5429.04
5291,9496.79
5294,2751.45
5297,5761.14
5300,9240.09
5303,6402.71
5306,7445.08
5309,3085.11
5312,5894.96
5315,3990.66
5318,6421.00
5321,3107.44
5324,2903.19
5327,4154.90
5330,4607.78
5333,1945.11
5336,5409.64
5339,5956.96
5342,2708.75
5345,2438.09
5348,7599.72
5351,2475.97
5354,6345.28
5357,3716.85
5360,8632.26
5363,133.16
5366,8450.27
5369,8834.80
5372,9195.54
5375,6837.03
5378,8385.27
5381,2520.70
5384,6987.13
5387,4401.96
5390,8052.68
5393,5207.38
5396,334.50
5399,3469.04
5402,1217.40
5405,8884.15
5408,4608.20
5411,303.73
5414,4204.21
5417,3870.48
5420,6371.32
5423,5997.54
5426,227.41
5429,7783.22
5432,7811.55
5435,8056.91
5438,4006.18
5441,2909.26
5444,8618.22
5447,5685.92
5450,7204.82
5453,3142.20
5456,2902.90
5459,9126.81
5462,8669.22
5465,8738.36
5468,5747.35
5471,2328.46
5474,9509.48
5477,1369.70
5480,5648.99
5483,754.44
5486,2767.27
5489,8349.85
5492,5521.52
5495,8537.18
5498,603.36
5501,1582.71
5504,6194.41
5507,9497.08
5510,3268.93
5513,8120.60
5516,4533.02
5519,4756.51
5522,8716.66
5525,7160.54
5528,6494.88
5531,4725.48
5534,3373.71
5537,5080.39
5540,2774.84
5543,2560.85
5546,9084.46
5549,7042.19
5552,9048.96
5555,1097.17
5558,4399.12
5561,4823.08
5564,6885.72
5567,117.62
5570,2120.67
5573,6084.24
5576,4350.79
5579,6256.07
5582,4436.27
5585,8966.51
5588,8877.71
5591,1027.43
5594,6348.68
5597,9713.25
5600,2525.86
5603,3997.56
5606,2154.40
5609,8333.82
5612,8180.19
5615,7076.00
5618,4383.19
5621,2866.53
5624,9461.07
5627,3389.40
5630,9245.21
5633,1869.29
5636,5721.48
5639,1638.01
5642,6566.12
5645,5397.75
5648,7149.36
5651,8787.36
5654,1684.39
5657,6866.82
5660,423.07
5663,536.23
5666,7455.91
5669,305.59
5672,10064.88
5675,3120.97
5678,4453.46
5681,4989.10
5684,5852.95
5687,1547.89
5690,6320.24
5693,8119.66
5696,5137.26
5699,6911.62
5702,2245.90
5705,1194.79
5708,6446.82
5711,4377.50
5714,7662.66
5717,5823.68
5720,8507.00
5723,9112.93
5726,4522.17
5729,8118.48
5732,1026.54
5735,9051.80
5738,6752.62
5741,1414.20
5744,247.61
5747,4050.69
5750,9135.53
5753,4113.62
5756,533.84
5759,9171.87
5762,8403.82
5765,2246.24
5768,6007.31
5771,7987.18
5774,9282.45
5777,4078.30
5780,3336.88
5783,9192.08
5786,3320.68
5789,5538.13
5792,6110.21
5795,7030.76
5798,1228.77
5801,7824.51
5804,6855.39
5807,4142.38
5810,1587.23
5813,5673.52
5816,8097.12
5819,244.12
5822,8935.78
5825,7582.94
5828,2127.01
5831,3247.08
5834,7684.07
5837,237.68
5840,4890.20
5843,1829.93
5846,839.54
5849,4602.94
5852,3900.60
5855,9563.59
5858,7448.79
5861,5209.85
5864,437.88
5867,7484.20
5870,7853.54
5873,4097.79
5876,2544.30
5879,2242.80
5882,5622.25
5885,1135.89
5888,5992.45
5891,9649.06
5894,6373.56
5897,5688.47
5900,9482.48
5903,4466.62
5906,2054.01
5909,4204.69
5912,1509.10
5915,225.69
5918,7981.56
5921,977.06
5924,7205.50
5927,7685.10
5930,7674.48
5933,6466.43
5936,8261.44
5939,1518.02
5942,2319.43
5945,7017.44
5948,5429.11
5951,5617.60
5954,9441.70
5957,3127.98
5960,5342.70
5963,6625.05
5966,4285.52
5969,1414.05
5972,8905.34
5975,6596.14
5978,3735.06
5981,2882.69
5984,3731.90
5987,9242.95
5990,2280.91
5993,7234.16
5996,539.90
5999,2242.84
6002,6632.98
6005,6513.59
6008,2662.60
6011,4186.30
6014,3001.91
6017,8559.55
6020,9997.49
6023,9745.60
6026,5780.71
6029,406.96
6032,9889.61
6035,9711.86
6038,1455.93
6041,6893.13
6044,647.89
6047,5145.39
6050,7409.38
6053,3183.26
6056,7819.91
6059,4460.36
6062,3209.79
6065,2631.56
6068,9634.78
6071,1523.05
6074,9492.44
6077,8329.02
6080,5829.02
6083,867.13
6086,9726.25
6089,8260.31
6092,2495.56
6095,7799.75
6098,9559.72
6101,239.02
6104,2686.75
6107,9757.73
6110,1448.50
6113,4296.53
6116,6773.84
6119,6309.61
6122,6679.70
6125,3820.53
6128,1200.59
6131,8477.86
6134,8950.66
6137,2193.23
6140,8183.49
6143,383.87
6146,4338.80
6149,6494.03
6152,8138.70
6155,7356.67
6158,6205.76
6161,3141.92
6164,9452.00
6167,5303.75
6170,4030.48
6173,4398.21
6176,3907.54
6179,7257.60
6182,1576.63
6185,2775.64
6188,5150.73
6191,7981.13
6194,313.63
6197,6638.12
6200,4043.56
6203,5641.23
6206,2456.84
6209,2544.37
6212,8825.58
6215,6760.45
6218,8720.98
6221,8159.38
6224,5561.10
6227,8939.23
6230,2258.31
6233,6658.42
6236,6210.17
6239,6437.22
6242,4232.95
6245,4146.80
6248,196.24
6251,5262.78
6254,2096.30
6257,4626.82
6260,1913.80
6263,3545.65
6266,3868.93
6269,2214.88
6272,882.43
6275,7259.98
6278,9935.47
6281,4484.19
6284,4622.90
6287,2349.28
6290,5302.58
6293,7318.88
6296,8454.00
6299,2141.97
6302,346.65
6305,4929.69
6308,9070.84
6311,9655.96
6314,951.54
6317,1968.15
6320,5698.40
6323,312.12
6326,1152.16
6329,5621.61
6332,2505.15
6335,9282.63
6338,8750.18
6341,8021.21
6344,5694.34
6347,7843.95
6350,1246.72
6353,5760.56
6356,3312.25
6359,6782.43
6362,182.65
6365,1797.60
6368,3867.70
6371,8331.19
6374,687.60
6377,7540.91
6380,3370.44
6383,291.47
6386,9543.73
6389,3248.64
6392,7940.88
6395,2934.99
6398,9693.91
6401,5188.92
6404,2515.73
6407,2030.79
6410,2323.62
6413,7217.26
6416,9530.27
6419,4912.11
6422,9868.38
6425,6673.71
6428,3998.84
6431,394.77
6434,350.80
6437,3174.96
6440,8782.29
6443,8584.06
6446,7247.03
6449,9500.80
6452,1049.11
6455,1457.18
6458,2685.77
6461,8819.18
6464,5951.90
6467,643.79
6470,3085.15
6473,5495.59
6476,2522.23
6479,483.98
6482,6623.74
6485,6985.81
6488,2979.18
6491,8125.29
6494,6415.81
6497,730.59
6500,1182.30
6503,7981.73
6506,6582.16
6509,4135.71
6512,8395.35
6515,267.08
6518,2776.12
6521,4840.52
6524,9510.67
6527,2139.17
6530,449.01
6533,110.49
6536,2871.51
6539,1703.67
6542,8544.57
6545,9041.99
6548,4819.35
6551,1658.14
6554,3625.73
6557,7378.31
6560,580.00
6563,3516.47
6566,9299.17
6569,8790.35
6572,4395.09
6575,7985.59
6578,8562.40
6581,851.12
6584,1844.48
6587,9216.39
6590,8615.00
6593,7719.71
6596,1874.42
6599,6472.69
6602,5472.04
6605,2565.31
6608,2187.71
6611,6023.35
6614,1338.28
6617,7553.34
6620,8107.80
6623,3570.97
6626,9004.94
6629,7089.37
6632,3949.27
6635,7199.77
6638,9305.71
6641,4885.16
6644,6915.46
6647,5605.89
6650,4708.66
6653,7327.94
6656,6789.87
6659,9177.96
6662,1533.24
6665,6470.69
6668,7136.14
6671,5170.74
6674,1896.35
6677,1799.12
6680,10043.72
6683,9341.37
6686,6232.08
6689,1729.37
6692,2484.97
6695,1835.08
6698,8664.94
6701,2114.60
6704,8584.51
6707,6995.26
6710,5520.13
6713,3807.60
6716,3216.36
6719,6353.67
6722,7284.43
6725,3327.60
6728,6234.83
6731,4423.16
6734,2760.48
6737,7900.30
6740,3662.80
6743,6543.07
6746,7322.45
6749,3836.73
6752,8993.33
6755,6438.41
6758,3435.16
6761,7114.93
6764,8167.34
6767,4141.41
6770,5400.82
6773,4328.32
6776,5968.70
6779,3274.44
6782,3965.12
6785,8209.69
6788,9400.36
6791,7674.90
6794,9374.12
6797,3442.98
6800,100.32
6803,1209.84
6806,3324.35
6809,3754.19
6812,5990.58
6815,2444.47
6818,5389.28
6821,1692.67
6824,6512.98
6827,2486.42
6830,6881.72
6833,1987.47
6836,8212.15
6839,3931.74
6842,3676.04
6845,5318.79
6848,2297.81
6851,9386.17
6854,7512.01
6857,5739.15
6860,479.07
6863,4991.76
6866,7473.04
6869,4822.13
6872,6075.70
6875,4132.91
6878,3356.92
6881,8749.44
6884,1210.14
6887,2934.91
6890,9725.41
6893,5165.74
6896,7309.96
6899,7366.09
6902,7384.95
6905,537.49
6908,7955.95
6911,1390.04
6914,4248.39
6917,8199.14
6920,3083.94
6923,7739.35
6926,1925.09
6929,5517.19
6932,7445.94
6935,2184.37
6938,6746.91
6941,871.17
6944,5153.33
6947,2537.72
6950,9290.93
6953,2828.45
6956,6349.10
6959,7106.95
6962,6152.58
6965,5251.56
6968,5448.82
6971,243.41
6974,8539.95
6977,6789.74
6980,1135.65
6983,4845.27
6986,9787.53
6989,3288.57
6992,222.01
6995,6731.05
6998,1812.29
7001,2045.58
7004,4234.93
7007,4275.31
7010,2376.25
7013,6003.43
7016,196.24
7019,3476.89
7022,5524.03
7025,3053.19
7028,6375.07
7031,9951.91
7034,6812.86
7037,74.03
7040,8203.30
7043,2710.05
7046,4165.25
7049,3099.32
7052,3854.63
7055,7115.26
7058,5579.12
7061,671.83
7064,2142.99
7067,7568.94
7070,9142.96
7073,1590.85
7076,7447.43
7079,5596.89
7082,430.37
7085,4941.72
7088,5665.24
7091,2412.19
7094,5444.10
7097,4583.15
7100,4781.94
7103,8047.86
7106,7690.04
7109,6109.92
7112,7671.39
7115,7168.96
7118,7639.46
7121,8703.90
7124,8427.75
7127,1444.18
7130,7655.85
7133,3562.13
7136,3278.24
7139,528.09
7142,355.86
7145,1517.29
7148,659.56
7151,8020.61
7154,7700.72
7157,2191.83
7160,1493.51
7163,6957.13
7166,7370.08
7169,3505.35
7172,8253.57
7175,5710.23
7178,1116.11
7181,2009.33
7184,2577.74
7187,2101.23
7190,8435.58
7193,8928.25
7196,9962.39
7199,1770.37
7202,5368.58
7205,3345.90
7208,5243.76
7211,6690.71
7214,369.20
7217,3455.43
7220,3024.19
7223,3267.25
7226,9318.88
7229,7185.51
7232,1840.70
7235,1092.59
7238,4906.33
7241,2483.59
7244,5038.96
7247,1890.79
7250,4312.97
7253,6064.81
7256,1583.39
7259,5471.79
7262,3772.32
7265,1075.13
7268,6819.70
7271,7653.21
7274,9959.49
7277,8875.51
7280,7689.19
7283,1106.61
7286,9593.14
7289,8901.19
7292,3862.96
7295,2969.50
7298,1204.71
7301,1002.79
7304,3366.22
7307,5057.19
7310,3942.97
7313,8862.00
7316,5546.01
7319,5872.78
7322,196.16
7325,5365.94
7328,4486.13
7331,8017.00
7334,4538.35
7337,9058.96
7340,4443.08
7343,4275.07
7346,4882.28
7349,5534.22
7352,4553.28
7355,2802.01
7358,8741.83
7361,5851.93
7364,2792.34
7367,1195.99
7370,8897.31
7373,9190.88
7376,9154.38
7379,8719.38
7382,7751.14
7385,4096.82
7388,3696.42
7391,2747.80
7394,1938.88
7397,4018.05
7400,2071.30
7403,8812.09
7406,9460.41
7409,9956.78
7412,8321.22
7415,3526.96
7418,5796.38
7421,7747.65
7424,4931.76
7427,2019.19
7430,262.27
7433,3502.64
7436,1240.29
7439,591.82
7442,5116.26
7445,943.61
7448,8783.80
7451,5759.10
7454,469.13
7457,4234.36
7460,8911.33
7463,3289.05
7466,7391.35
7469,338.14
7472,7272.59
7475,8088.80
7478,2359.25
7481,7759.22
7484,9867.11
7487,9957.74
7490,4464.63
7493,1560.37
7496,635.86
7499,9811.36
7502,1514.77
7505,4456.11
7508,4647.77
7511,1614.96
7514,7518.72
7517,9797.01
7520,6023.73
7523,8186.40
7526,2987.62
7529,9650.61
7532,9325.29
7535,5702.53
7538,995.66
7541,5656.88
7544,4164.47
7547,6829.52
7550,7200.05
7553,3219.27
7556,8636.87
7559,3053.98
7562,3333.84
7565,7426.83
7568,4980.24
7571,5208.12
7574,5182.86
7577,7611.20
7580,7930.77
7583,9796.56
7586,3430.88
7589,6087.60
7592,8632.08
7595,2845.38
7598,6476.12
7601,7481.04
7604,8988.90
7607,8856.45
7610,927.69
7613,1069.49
7616,7813.68
7619,158.27
7622,9309.52
7625,6471.76
7628,4971.32
7631,8362.05
7634,7600.35
7637,5691.26
7640,956.17
7643,8059.83
7646,1423.17
7649,9927.35
7652,8518.19
7655,9226.66
7658,9151.54
7661,427.32
7664,5146.00
7667,1820.44
7670,2344.49
7673,1734.32
7676,8616.60
7679,2257.94
7682,6469.52
7685,5158.10
7688,2994.12
7691,727.25
7694,7214.97
7697,5321.40
7700,4235.14
7703,2832.07
7706,3325.65
7709,8640.12
7712,6167.12
7715,6353.90
7718,4254.29
7721,6151.32
7724,1928.07
7727,5806.60
7730,4390.42
7733,5895.98
7736,6649.42
7739,4327.55
7742,1370.34
7745,631.07
7748,8609.76
7751,4735.11
7754,3517.97
7757,2850.71
7760,985.05
7763,1182.87
7766,5605.54
7769,576.87
7772,3150.21
7775,7889.34
7778,3066.39
7781,4534.83
7784,7474.41
7787,4394.24
7790,7660.46
7793,3216.76
7796,6201.48
7799,5003.12
7802,8051.72
7805,6415.10
7808,871.43
7811,769.84
7814,6772.54
7817,1067.76
7820,1767.27
7823,9598.58
7826,3208.64
7829,1652.01
7832,3034.05
7835,7234.00
7838,9268.11
7841,494.59
7844,5225.30
7847,3376.24
7850,3344.72
7853,2174.51
7856,6786.28
7859,4611.51
7862,6061.95
7865,4171.61
7868,9354.90
7871,7962.89
7874,4631.38
7877,2058.77
7880,5541.49
7883,1772.82
7886,2211.16
7889,5592.96
7892,1937.72
7895,8993.18
7898,7560.69
7901,960.94
7904,9353.81
7907,4225.00
7910,6619.45
7913,9786.97
7916,5415.50
7919,5154.27
7922,8814.78
7925,2487.96
7928,2332.93
7931,4745.83
7934,2998.09
7937,6472.47
7940,827.78
7943,1457.56
7946,3995.02
7949,8780.14
7952,8478.79
7955,3140.85
7958,2988.54
7961,3770.33
7964,9247.15
7967,1745.11
7970,4702.21
7973,7261.25
7976,5151.89
7979,6304.34
7982,5547.01
7985,9210.27
7988,177.39
7991,8112.47
7994,1474.82
7997,8414.22
8000,3965.96
8003,9142.08
8006,7119.37
8009,7616.30
8012,8406.84
8015,4681.28
8018,4715.40
8021,1824.79
8024,8877.10
8027,5524.46
8030,7834.58
8033,2701.78
8036,6013.52
8039,7214.34
8042,7580.15
8045,8823.05
8048,5089.13
8051,5813.69
8054,8659.10
8057,7778.57
8060,6233.81
8063,1699.41
8066,6138.10
8069,6729.99
8072,6301.23
8075,8354.51
8078,3083.41
8081,399.04
8084,1867.58
8087,4233.09
8090,7140.25
8093,7325.49
8096,3159.56
8099,1706.95
8102,5569.27
8105,6571.25
8108,1174.54
8111,2879.16
8114,1599.84
8117,7009.85
8120,6272.92
8123,4408.26
8126,7558.25
8129,6003.84
8132,7466.06
8135,2825.27
8138,5858.69
8141,8719.32
8144,6365.19
8147,9432.71
8150,1834.69
8153,9127.64
8156,9564.93
8159,5091.05
8162,1545.30
8165,6534.27
8168,6038.22
8171,8043.82
8174,4588.87
8177,7686.35
8180,3266.85
8183,4144.43
8186,2905.20
8189,4379.79
