1000,9595.11
1003,9694.21
1006,2823.46
1009,7760.96
1012,1289.45
1015,6682.57
1018,1189.15
1021,4992.26
1024,4034.13
1027,5981.34
1030,6012.5
1033,9134.11
1036,3109.21
1039,386.35
1042,2388.69
1045,1400.56
1048,6817.98
1051,9764.26
1054,8746.91
1057,5438.77
1060,4327.92
1063,5976.69
1066,7704.34
1069,3656.88
1072,4531.06
1075,4868.82
1078,9622.91
1081,5873.92
1084,189.01
1087,7262.48
1090,8639.08
1093,2521.94
1096,929.23
1099,9097.2
1102,5341.52
1105,5019.78
1108,6095.01
1111,2279.03
1114,1199.26
1117,781.55
1120,302.7
1123,6607.27
1126,6130.76
1129,438.24
1132,3506.83
1135,5350.32
1138,2078.25
1141,9213.18
1144,8466.73
1147,4066.97
1150,4434.35
1153,425.4
1156,4355.59
1159,7919.4
1162,5987.83
1165,1211.95
1168,2552.47
1171,3038.85
1174,6950.95
1177,9603.69
1180,2984.86
1183,8464.74
1186,8672.76
1189,430.59
1192,7643.07
1195,7097.66
1198,1056.91
1201,6873.27
1204,4336.14
1207,4247.48
1210,6541.32
1213,1614.4
1216,9685.1
1219,5994.19
1222,1059.47
1225,4396.27
1228,758.65
1231,9505.35
1234,1858.41
1237,9275.35
1240,6209.89
1243,7515.98
1246,4947.62
1249,6085.06
1252,2523.66
1255,5042.02
1258,8193.58
1261,8508.44
1264,5219.21
1267,9182.72
1270,8349.83
1273,3336.61
1276,7373.64
1279,8231.64
1282,4014.21
1285,3339.49
1288,1427.9
1291,8391.13
1294,3780.74
1297,1000.84
1300,9305.12
1303,6449.08
1306,333.21
1309,754.79
1312,4909.29
1315,2551.43
1318,7524.76
1321,2988.77
1324,2864.83
1327,5505.21
1330,9803.64
1333,5542.72
1336,6443.89
1339,8209.85
1342,6463.28
1345,2564.79
1348,2880.87
1351,8662.54
1354,1282.65
1357,8013.49
1360,1275.18
1363,5733.36
1366,4926.02
1369,7841.45
1372,4216.36
1375,1282.36
1378,9368.69
1381,5916.99
1384,2248.02
1387,6111.28
1390,2371.59
1393,4936.07
1396,4438.01
1399,4099.57
1402,7158.66
1405,4831.99
1408,5434.76
1411,8726.99
1414,6053.34
1417,4590.88
1420,7931.27
1423,7592.48
1426,549.33
1429,8583.78
1432,5171.85
1435,6988.32
1438,3825.67
1441,212.36
1444,4845.9
1447,2241.23
1450,4920.05
1453,9519.54
1456,4475.74
1459,2343.37
1462,9912.75
1465,5627.34
1468,7711.14
1471,3086.36
1474,9331.16
1477,7657.53
1480,4779.38
1483,172.86
1486,9865.12
1489,4789.99
1492,3805.98
1495,5438.52
1498,8320.43
1501,7808.33
1504,5979.94
1507,4175.89
1510,4905.15
1513,8634.18
1516,9222.05
1519,7934.61
1522,9768.65
1525,4370.33
1528,6153.24
1531,2171.42
1534,1207.81
1537,8543.69
1540,4825.35
1543,4771.64
1546,6850.77
1549,8571.2
1552,1690.06
1555,1642.98
1558,1829.88
1561,2894.93
1564,1411.86
1567,6594.96
1570,7786.6
1573,397.38
1576,991.32
1579,2861.73
1582,2433.09
1585,7963.59
1588,209.05
1591,4725.52
1594,3175.44
1597,8130.79
1600,3028.15
1603,5581.94
1606,1677.23
1609,2919.37
1612,2362.58
1615,2530.79
1618,8620.08
1621,2787.58
1624,7475.26
1627,1869.24
1630,8809.14
1633,8329.26
1636,5315.46
1639,1585.93
1642,3120.91
1645,3033.14
1648,9867.39
1651,9337.74
1654,3118.35
1657,6175.66
1660,3295.57
1663,2666.95
1666,9930.08
1669,5503.64
1672,9802.55
1675,1286.73
1678,5377.58
1681,3612.93
1684,3404.38
1687,3722.71
1690,7446.51
1693,2007.0
1696,3623.72
1699,6873.53
1702,9102.59
1705,8792.43
1708,7757.31
1711,8164.32
1714,6553.67
1717,440.66
1720,4768.83
1723,3698.73
1726,189.34
1729,1588.67
1732,4937.76
1735,6820.84
1738,6797.42
1741,2225.51
1744,4441.36
1747,3854.7
1750,3029.33
1753,7521.88
1756,5775.4
1759,4497.28
1762,2522.43
1765,5901.49
1768,5231.51
1771,1130.93
1774,3730.05
1777,9856.32
1780,3102.75
1783,9107.04
1786,9178.16
1789,6399.76
1792,4128.0
1795,4668.17
1798,6637.93
1801,7550.52
1804,7896.41
1807,2730.8
1810,310.42
1813,9640.32
1816,8195.63
1819,4170.95
1822,5779.35
1825,7526.56
1828,558.06
1831,6866.69
1834,3922.74
1837,4762.25
1840,384.06
1843,7770.66
1846,2711.18
1849,9775.34
1852,5507.69
1855,5686.78
1858,6901.96
1861,3315.54
1864,2953.87
1867,7403.43
1870,6000.08
1873,6616.76
1876,7581.72
1879,4316.72
1882,8365.87
1885,4430.26
1888,4277.1
1891,5113.19
1894,6947.69
1897,6164.3
1900,9404.66
1903,166.37
1906,2098.53
1909,1817.46
1912,2338.41
1915,3450.32
1918,8243.91
1921,2925.32
1924,5247.48
1927,7777.0
1930,1760.42
1933,8157.77
1936,6166.33
1939,7789.42
1942,4349.93
1945,8990.76
1948,2107.21
1951,1211.0
1954,3595.21
1957,8314.19
1960,7511.1
1963,9098.81
1966,2740.14
1969,1420.45
1972,2589.09
1975,6262.8
1978,497.75
1981,5459.12
1984,3913.72
1987,686.63
1990,1273.89
1993,6153.05
1996,6606.24
1999,2569.67
2002,2042.21
2005,160.69
2008,615.74
2011,4836.91
2014,3189.59
2017,7805.95
2020,6077.02
2023,6886.08
2026,1428.38
2029,5773.68
2032,8083.46
2035,846.63
2038,5375.81
2041,8279.59
2044,3759.61
2047,5783.61
2050,5651.84
2053,7932.53
2056,7803.84
2059,9134.17
2062,6888.9
2065,8341.04
2068,8713.07
2071,8476.47
2074,9545.63
2077,8707.26
2080,4741.76
2083,2945.62
2086,3738.72
2089,9301.6
2092,2983.16
2095,8494.14
2098,9652.82
2101,8870.01
2104,2548.85
2107,811.51
2110,8153.93
2113,5761.38
2116,6895.69
2119,8030.58
2122,9167.09
2125,2619.86
2128,7799.08
2131,885.13
2134,3924.19
2137,9082.44
2140,4804.35
2143,7993.13
2146,4098.32
2149,589.79
2152,9459.63
2155,4790.67
2158,2503.81
2161,3018.1
2164,3492.86
2167,1357.63
2170,5241.23
2173,8428.66
2176,544.01
2179,3434.04
2182,9317.67
2185,4383.16
2188,7122.64
2191,2687.65
2194,6370.47
2197,9577.61
2200,4523.12
2203,9879.07
2206,8322.33
2209,5346.44
2212,766.79
2215,8673.9
2218,8727.41
2221,5112.56
2224,7065.53
2227,1699.59
2230,6227.1
2233,2505.2
2236,1902.77
2239,6559.92
2242,9785.04
2245,6912.5
2248,7066.4
2251,5937.72
2254,4313.71
2257,5674.75
2260,9220.97
2263,4025.1
2266,8854.33
2269,2828.04
2272,834.09
2275,9588.44
2278,9552.54
2281,4229.52
2284,9729.8
2287,3027.47
2290,2083.32
2293,6541.04
2296,5031.76
2299,5735.93
2302,9892.69
2305,6066.64
2308,5010.28
2311,4005.19
2314,3061.36
2317,8978.82
2320,9524.77
2323,5249.61
2326,8354.55
2329,4795.43
2332,8244.26
2335,8154.24
2338,190.65
2341,6549.35
2344,9537.98
2347,7466.17
2350,9782.4
2353,5555.27
2356,7843.65
2359,3741.73
2362,6275.43
2365,2272.23
2368,6481.4
2371,3919.87
2374,3634.11
2377,2301.57
2380,2309.28
2383,613.0
2386,9884.36
2389,9124.47
2392,3260.98
2395,7639.51
2398,5659.39
2401,4004.32
2404,4793.28
2407,4730.65
2410,4393.59
2413,1527.98
2416,2286.37
2419,6290.49
2422,130.68
2425,5381.07
2428,501.87
2431,7151.42
2434,9289.55
2437,9112.52
2440,634.08
2443,628.11
2446,755.19
2449,2190.81
2452,8698.11
2455,2858.15
2458,2150.54
2461,4896.68
2464,1410.64
2467,6700.82
2470,9991.42
2473,9606.6
2476,3196.52
2479,4332.89
2482,7673.93
2485,3256.86
2488,2897.93
2491,8632.01
2494,5130.96
2497,3060.18
2500,1115.75
2503,6090.79
2506,1032.88
2509,6473.28
2512,5673.27
2515,5997.13
2518,2186.98
2521,820.75
2524,8739.98
2527,9689.7
2530,2520.16
2533,1430.33
2536,3916.3
2539,3155.48
2542,970.46
2545,5878.6
2548,8951.78
2551,7853.48
2554,2291.04
2557,1379.92
2560,8773.74
2563,9904.61
2566,2108.99
2569,6465.05
2572,6085.53
2575,7626.96
2578,5924.3
2581,5601.98
2584,1960.04
2587,5197.84
2590,3338.55
2593,6814.19
2596,608.05
2599,3822.65
2602,140.33
2605,8573.1
2608,5022.99
2611,404.22
2614,5306.86
2617,842.32
2620,4288.26
2623,6383.68
2626,3100.45
2629,1551.89
2632,7664.06
2635,2080.99
2638,8341.47
2641,7437.57
2644,3041.97
2647,9885.66
2650,9595.78
2653,844.59
2656,3417.13
2659,7625.34
2662,7337.9
2665,2560.6
2668,6947.87
2671,8526.61
2674,7377.42
2677,7260.62
2680,6480.25
2683,5716.35
2686,2725.35
2689,1166.07
2692,3115.84
2695,4146.86
2698,955.05
2701,3831.23
2704,6360.92
2707,8234.64
2710,1766.27
2713,7583.89
2716,4098.24
2719,8097.05
2722,3445.74
2725,7395.6
2728,9619.08
2731,5314.47
2734,8847.74
2737,1527.94
2740,4485.79
2743,185.88
2746,6770.48
2749,8660.19
2752,6736.47
2755,1717.66
2758,5698.04
2761,6551.55
2764,2966.96
2767,2010.88
2770,1543.42
2773,2000.48
2776,5745.18
2779,3815.78
2782,4911.67
2785,1016.88
2788,7849.94
2791,2008.24
2794,1865.32
2797,8500.84
2800,8348.8
2803,9646.96
2806,7561.81
2809,3409.98
2812,8390.1
2815,4186.09
2818,3688.48
2821,5776.97
2824,5914.91
2827,6802.87
2830,6532.57
2833,4930.57
2836,8352.0
2839,410.8
2842,3978.43
2845,5427.63
2848,2608.6
2851,8641.35
2854,9199.06
2857,3029.67
2860,6174.43
2863,5875.76
2866,8927.85
2869,3832.99
2872,5196.33
2875,3881.47
2878,285.0
2881,2744.92
2884,436.07
2887,7723.46
2890,3376.57
2893,2472.41
2896,2435.64
2899,1887.3
2902,5470.46
2905,572.43
2908,7187.52
2911,6049.54
2914,7487.75
2917,1433.31
2920,8979.22
2923,7895.53
2926,6550.41
2929,5493.9
2932,8762.19
2935,5214.41
2938,8887.36
2941,4055.72
2944,2820.83
2947,2904.46
2950,3070.9
2953,8294.6
2956,4844.78
2959,6805.08
2962,8385.96
2965,960.93
2968,6285.38
2971,1244.17
2974,7223.9
2977,967.54
2980,9652.77
2983,632.9
2986,8686.18
2989,2782.39
2992,8588.39
2995,8411.09
2998,4113.14
3001,5659.71
3004,9999.53
3007,9650.08
3010,7239.41
3013,6175.77
3016,5699.71
3019,4066.68
3022,8126.16
3025,3511.86
3028,7324.23
3031,5773.87
3034,7210.67
3037,4834.42
3040,1084.99
3043,2694.24
3046,2128.21
3049,2904.96
3052,7859.43
3055,4899.91
3058,7376.75
3061,2518.03
3064,5760.92
3067,6563.94
3070,1637.18
3073,4059.81
3076,7756.6
3079,7367.94
3082,1278.27
3085,5791.12
3088,2143.45
3091,1344.51
3094,4538.0
3097,5123.94
3100,6538.64
3103,6121.96
3106,7872.53
3109,2114.06
3112,8618.64
3115,546.15
3118,6629.5
3121,2021.71
3124,9293.82
3127,7987.01
3130,4761.28
3133,9342.85
3136,1486.89
3139,5474.12
3142,3675.2
3145,9932.29
3148,2989.1
3151,5764.21
3154,1873.7
3157,7331.55
3160,6423.37
3163,9596.63
3166,5296.06
3169,7325.61
3172,5231.29
3175,6069.9
3178,8481.05
3181,8892.55
3184,2214.02
3187,8367.87
3190,1206.46
3193,6661.69
3196,1808.34
3199,8751.25
3202,7127.86
3205,8778.71
3208,262.43
3211,4361.0
3214,7831.1
3217,6342.47
3220,1838.3
3223,4723.91
3226,496.95
3229,152.36
3232,217.37
3235,4950.5
3238,2407.6
3241,4961.27
3244,3987.33
3247,8150.9
3250,900.59
3253,5779.36
3256,8737.21
3259,6818.47
3262,134.06
3265,474.72
3268,2081.25
3271,931.1
3274,2541.08
3277,3774.83
3280,5736.25
3283,7262.74
3286,8737.37
3289,5954.18
3292,7188.46
3295,9940.2
3298,2100.18
3301,8246.46
3304,8950.71
3307,4902.16
3310,1905.69
3313,9273.69
3316,5914.9
3319,4785.97
3322,4348.74
3325,9906.62
3328,9678.69
3331,9641.57
3334,2665.8
3337,121.82
3340,2592.33
3343,7433.69
3346,302.94
3349,8536.15
3352,4436.95
3355,104.83
3358,6520.96
3361,969.38
3364,9971.62
3367,5496.61
3370,9918.45
3373,7800.94
3376,9228.68
3379,2994.2
3382,9096.96
3385,2194.32
3388,3606.84
3391,8974.71
3394,3670.18
3397,4619.17
3400,7271.1
3403,5495.3
3406,7025.23
3409,9483.61
3412,421.25
3415,4326.95
3418,3128.33
3421,2566.3
3424,1645.67
3427,6441.18
3430,923.55
3433,2920.97
3436,7379.75
3439,7241.12
3442,9201.66
3445,6720.68
3448,3941.12
3451,9376.51
3454,7872.05
3457,9718.36
3460,2122.2
3463,9151.61
3466,7408.28
3469,8751.02
3472,7621.21
3475,4337.87
3478,9638.4
3481,5503.79
3484,6791.25
3487,535.57
3490,5961.86
3493,5659.42
3496,4628.54
3499,7782.1
3502,9678.37
3505,822.68
3508,375.84
3511,6195.21
3514,8918.93
3517,284.4
3520,8340.43
3523,6008.92
3526,8315.41
3529,8268.01
3532,2222.12
3535,2598.4
3538,4885.34
3541,5141.25
3544,384.47
3547,7349.26
3550,3980.37
3553,2132.36
3556,8727.94
3559,8694.49
3562,3645.06
3565,5323.16
3568,489.65
3571,5412.83
3574,7468.18
3577,9961.57
3580,5210.0
3583,4386.51
3586,720.73
3589,9143.73
3592,2676.04
3595,2304.13
3598,2123.68
3601,1573.19
3604,2976.25
3607,4283.49
3610,5514.16
3613,3860.09
3616,9215.3
3619,5522.99
3622,2906.09
3625,1248.08
3628,8663.49
3631,3676.9
3634,5827.47
3637,7036.97
3640,5287.69
3643,5553.99
3646,5300.92
3649,8623.77
3652,3644.11
3655,1164.0
3658,9518.52
3661,1451.11
3664,1538.16
3667,6368.87
3670,7586.79
3673,8706.01
3676,4806.24
3679,1621.87
3682,5261.94
3685,1336.89
3688,5227.46
3691,2246.59
3694,5445.07
3697,9287.89
3700,9999.14
3703,3568.34
3706,9201.94
3709,6892.3
3712,3628.78
3715,3524.61
3718,3895.5
3721,7023.17
3724,8550.9
3727,2646.78
3730,1958.2
3733,5183.4
3736,1115.75
3739,1949.32
3742,6733.78
3745,5002.28
3748,1253.41
3751,1639.63
3754,5016.42
3757,6413.78
3760,7271.29
3763,7061.77
3766,9866.23
3769,1971.17
3772,2557.06
3775,9357.37
3778,7880.94
3781,7621.49
3784,3632.45
3787,8287.26
3790,158.51
3793,8971.83
3796,2353.32
3799,9545.4
3802,6609.21
3805,4096.99
3808,8219.15
3811,571.82
3814,9142.31
3817,1245.42
3820,622.36
3823,2130.09
3826,6783.16
3829,3913.81
3832,6488.54
3835,3725.27
3838,1455.98
3841,1283.88
3844,4016.48
3847,5992.37
3850,4834.75
3853,8908.6
3856,3061.02
3859,7348.01
3862,6304.1
3865,452.8
3868,130.44
3871,7697.3
3874,7827.9
3877,1508.14
3880,6804.9
3883,5893.19
3886,9181.08
3889,9076.93
3892,8684.28
3895,3321.01
3898,355.57
3901,9112.3
3904,118.31
3907,3999.5
3910,6343.83
3913,5169.05
3916,4332.19
3919,5118.51
3922,2003.22
3925,7187.24
3928,9688.12
3931,3717.87
3934,5433.45
3937,8246.72
3940,4619.79
3943,7404.97
3946,282.06
3949,877.97
3952,2335.5
3955,6096.86
3958,8553.82
3961,9343.84
3964,2066.21
3967,596.26
3970,1719.91
3973,4562.68
3976,4654.98
3979,6993.49
3982,4531.64
3985,8189.37
3988,5375.14
3991,2096.54
3994,5701.73
3997,5013.24
4000,9022.58
4003,6848.92
4006,7979.15
4009,9431.15
4012,2242.66
4015,2354.49
4018,5110.5
4021,8172.9
4024,6458.43
4027,7264.41
4030,7428.99
4033,3534.51
4036,2140.83
4039,3049.62
4042,4790.27
4045,4272.84
4048,8255.79
4051,5198.11
4054,2901.06
4057,5586.93
4060,7847.62
4063,7888.66
4066,7599.09
4069,1426.88
4072,6951.76
4075,3189.25
4078,6868.94
4081,2913.63
4084,892.58
4087,9219.8
4090,657.19
4093,8627.51
4096,1691.62
4099,9641.41
4102,9490.74
4105,7712.76
4108,1069.2
4111,9970.81
4114,2266.61
4117,1997.2
4120,5896.51
4123,7245.71
4126,4440.97
4129,4185.06
4132,354.98
4135,7001.29
4138,3631.44
4141,4284.63
4144,4673.38
4147,6895.06
4150,6720.67
4153,7227.71
4156,6257.03
4159,8906.08
4162,1708.73
4165,2553.94
4168,5084.98
4171,8103.6
4174,1060.67
4177,2556.37
4180,9889.74
4183,3382.16
4186,8062.68
4189,3509.09
4192,6831.53
4195,4860.48
4198,4469.78
4201,6532.85
4204,6720.25
4207,9159.09
4210,5415.51
4213,9580.24
4216,2996.72
4219,4864.91
4222,9360.15
4225,8224.63
4228,2043.86
4231,5735.73
4234,1662.58
4237,4633.29
4240,2108.88
4243,1844.91
4246,5652.99
4249,2523.64
4252,6493.5
4255,3640.53
4258,863.54
4261,2510.18
4264,8103.15
4267,3802.26
4270,1134.34
4273,2593.6
4276,6831.78
4279,9247.49
4282,8601.13
4285,4565.98
4288,6347.5
4291,3241.15
4294,2997.78
4297,6706.31
4300,452.49
4303,5360.69
4306,6836.27
4309,7969.81
4312,5781.14
4315,460.14
4318,1406.98
4321,1377.23
4324,5546.07
4327,2941.08
4330,253.43
4333,283.14
4336,1029.48
4339,7401.03
4342,6136.22
4345,8175.48
4348,9826.0
4351,2984.83
4354,9891.15
4357,2945.69
4360,1902.11
4363,5312.45
4366,3823.33
4369,6701.43
4372,3492.3
4375,451.82
4378,4439.58
4381,2512.58
4384,394.41
4387,928.89
4390,2079.65
4393,475.79
4396,9979.71
4399,7837.6
4402,2475.28
4405,6671.76
4408,5675.51
4411,9750.68
4414,4890.78
4417,8378.57
4420,1353.71
4423,6648.09
4426,756.11
4429,3421.23
4432,3337.78
4435,1523.68
4438,1437.52
4441,7075.16
4444,6502.06
4447,299.23
4450,8499.48
4453,4443.66
4456,2024.63
4459,3269.1
4462,6915.89
4465,542.08
4468,4362.91
4471,4141.06
4474,3013.04
4477,1523.47
4480,8012.16
4483,5090.12
4486,5196.99
4489,6752.29
4492,4365.47
4495,6077.09
4498,2616.54
4501,4000.06
4504,4703.45
4507,3606.95
4510,6794.96
4513,3686.52
4516,2152.18
4519,965.64
4522,330.91
4525,3271.94
4528,3236.75
4531,3034.29
4534,8167.76
4537,6427.23
4540,7409.52
4543,2646.45
4546,2816.19
4549,9815.39
4552,8099.63
4555,9086.38
4558,1829.23
4561,5376.68
4564,3122.41
4567,5394.92
4570,2369.4
4573,675.14
4576,4217.59
4579,4759.76
4582,7451.19
4585,8731.15
4588,3832.66
4591,2158.91
4594,1729.66
4597,7620.76
4600,4631.64
4603,1470.25
4606,8218.47
4609,5877.29
4612,4024.15
4615,1564.62
4618,4815.1
4621,138.44
4624,7488.27
4627,2446.44
4630,7567.48
4633,2169.3
4636,9736.66
4639,3626.99
4642,1216.29
4645,8197.17
4648,3379.37
4651,3419.05
4654,4157.87
4657,493.8
4660,3018.5
4663,4016.43
4666,8789.46
4669,9971.8
4672,8893.25
4675,4169.17
4678,4176.08
4681,1934.1
4684,6363.58
4687,6105.04
4690,3604.91
4693,9811.63
4696,2215.67
4699,2242.79
4702,9260.12
4705,2003.68
4708,7025.1
4711,7250.47
4714,9735.61
4717,2026.87
4720,7521.16
4723,1968.54
4726,7013.96
4729,594.88
4732,6403.03
4735,8317.95
4738,820.13
4741,3884.54
4744,8618.17
4747,4982.6
4750,6303.21
4753,2010.99
4756,1366.72
4759,8771.69
4762,8032.5
4765,5823.92
4768,4618.67
4771,7794.4
4774,6955.99
4777,2429.49
4780,6117.38
4783,9186.33
4786,8328.4
4789,5353.92
4792,3755.7
4795,6410.56
4798,628.68
4801,5045.86
4804,7754.92
4807,3167.56
4810,6727.55
4813,2404.67
4816,6840.15
4819,7082.18
4822,4277.61
4825,5571.23
4828,7909.74
4831,2282.98
4834,1650.34
4837,9827.41
4840,8674.37
4843,1291.96
4846,8540.73
4849,8742.24
4852,6126.76
4855,6948.17
4858,3416.71
4861,3602.06
4864,2095.37
4867,2261.97
4870,8453.93
4873,4748.01
4876,905.58
4879,6174.2
4882,7148.8
4885,1239.21
4888,2529.28
4891,9538.29
4894,5761.26
4897,7342.79
4900,1795.16
4903,4706.63
4906,261.99
4909,7645.77
4912,5468.0
4915,7897.38
4918,8605.32
4921,1594.02
4924,9892.83
4927,3516.25
4930,8981.45
4933,3301.76
4936,8348.61
4939,812.13
4942,4537.07
4945,4190.83
4948,1093.42
4951,340.99
4954,1114.5
4957,7043.43
4960,2286.29
4963,1566.04
4966,9306.39
4969,7091.97
4972,4781.24
4975,9214.7
4978,9727.07
4981,9642.94
4984,1060.17
4987,8843.16
4990,5643.75
4993,4409.63
4996,9178.76
4999,9968.79
5002,3229.3
5005,7085.18
5008,5364.01
5011,1719.03
5014,3557.51
5017,4649.48
5020,3300.25
5023,7461.36
5026,5667.07
5029,5374.89
5032,9583.79
5035,2375.75
5038,8812.87
5041,4409.53
5044,4885.22
5047,9709.68
5050,4909.85
5053,4296.95
5056,8985.14
5059,9033.4
5062,6625.53
5065,7657.58
5068,5733.28
5071,4911.86
5074,9075.8
5077,8767.29
5080,7905.36
5083,3612.18
5086,392.46
5089,919.2
5092,3491.14
5095,5913.11
5098,8482.04
5101,1300.9
5104,6042.85
5107,4372.09
5110,8472.03
5113,1745.98
5116,2297.56
5119,4395.57
5122,5325.26
5125,6390.59
5128,9857.65
5131,3184.74
5134,4999.75
5137,8495.86
5140,333.66
5143,734.87
5146,3641.81
5149,1697.3
5152,4603.25
5155,1573.6
5158,2727.13
5161,7098.1
5164,9904.24
5167,2926.19
5170,1803.38
5173,1848.59
5176,8411.11
5179,5183.93
5182,5335.92
5185,7661.51
5188,7568.42
5191,3119.81
5194,5442.99
5197,1656.86
5200,2139.37
5203,4112.17
5206,7642.21
5209,8361.14
5212,9606.08
5215,7413.37
5218,990.45
5221,2246.33
5224,4601.43
5227,3007.61
5230,4527.37
5233,9780.74
5236,7403.03
5239,9455.07
5242,5429.38
5245,6899.37
5248,2662.76
5251,8748.11
5254,5945.45
5257,7608.85
5260,3854.55
5263,9675.39
5266,7369.65
5269,7339.61
5272,9644.96
5275,6075.74
5278,5665.29
5281,9995.61
5284,5214.28
5287,6727.13
5290,5798.7
5293,1050.36
5296,3022.86
5299,2694.76
5302,9423.54
5305,3646.87
5308,712.05
5311,1369.55
5314,2437.96
5317,199.0
5320,8626.43
5323,6888.9
5326,2332.65
5329,2158.85
5332,9143.27
5335,3434.24
5338,7982.71
5341,3809.27
5344,5755.56
5347,9425.13
5350,6546.32
5353,5400.67
5356,9611.99
5359,3880.36
5362,4389.77
5365,2879.09
5368,486.78
5371,6109.67
5374,6030.4
5377,4070.56
5380,2632.94
5383,6511.6
5386,282.66
5389,5786.42
5392,4599.92
5395,6251.74
5398,3439.99
5401,3843.61
5404,1692.44
5407,7868.47
5410,5690.72
5413,9634.14
5416,5126.0
5419,3993.15
5422,151.92
5425,7038.38
5428,6908.96
5431,9377.46
5434,3755.89
5437,7972.91
5440,7163.06
5443,2019.27
5446,2548.47
5449,7975.78
5452,4116.71
5455,2172.03
5458,5249.99
5461,4880.59
5464,8672.76
5467,4296.26
5470,349.1
5473,9109.63
5476,7451.47
5479,228.4
5482,2852.47
5485,6212.47
5488,5651.79
5491,7768.9
5494,6703.51
5497,9642.31
5500,4952.78
5503,5225.69
5506,7664.78
5509,1948.15
5512,9969.66
5515,1406.84
5518,1564.25
5521,2410.24
5524,8879.76
5527,6632.09
5530,6325.07
5533,6598.65
5536,6879.97
5539,810.33
5542,9268.0
5545,939.91
5548,8155.99
5551,5143.07
5554,3897.67
5557,1263.44
5560,9438.34
5563,9870.06
5566,1981.65
5569,1114.23
5572,7507.55
5575,6293.57
5578,1544.34
5581,3556.04
5584,392.43
5587,6007.55
5590,5251.03
5593,3692.51
5596,1649.59
5599,1992.14
5602,6442.92
5605,4319.98
5608,6119.12
5611,6997.19
5614,9368.76
5617,3306.69
5620,4499.43
5623,1838.72
5626,3854.95
5629,3376.93
5632,577.11
5635,8518.26
5638,1134.52
5641,1891.92
5644,7592.12
5647,8247.67
5650,8411.18
5653,3068.66
5656,4854.32
5659,9321.86
5662,1162.2
5665,4381.55
5668,4229.07
5671,401.87
5674,6629.68
5677,1297.53
5680,4702.36
5683,2480.0
5686,5386.94
5689,2625.17
5692,6776.08
5695,9436.97
5698,5050.26
5701,5399.0
5704,9738.05
5707,3843.16
5710,3674.67
5713,9672.58
5716,7238.68
5719,1528.57
5722,894.79
5725,8882.85
5728,5567.23
5731,1957.32
5734,7099.0
5737,9211.43
5740,3303.48
5743,4969.15
5746,6821.3
5749,8044.81
5752,8696.77
5755,1553.08
5758,9717.8
5761,8046.86
5764,8566.19
5767,7600.18
5770,969.66
5773,7514.21
5776,2054.52
5779,1439.42
5782,3425.54
5785,8581.37
5788,8217.13
5791,7323.7
5794,2752.22
5797,5872.33
5800,5049.46
5803,9044.7
5806,793.09
5809,530.53
5812,9843.68
5815,1411.93
5818,6081.86
5821,3869.61
5824,6037.8
5827,7154.41
5830,9861.9
5833,1387.25
5836,7828.16
5839,4584.6
5842,1642.54
5845,5742.56
5848,1417.79
5851,9784.22
5854,7226.68
5857,5447.64
5860,3384.81
5863,8796.54
5866,768.17
5869,3247.68
5872,2289.11
5875,2629.58
5878,9691.31
5881,7209.84
5884,8956.41
5887,897.84
5890,3248.13
5893,8503.88
5896,4829.71
5899,9416.2
5902,2461.56
5905,8231.77
5908,2446.03
5911,9079.26
5914,9084.48
5917,3472.11
5920,3235.01
5923,1152.07
5926,255.09
5929,4621.29
5932,607.75
5935,4702.35
5938,8085.49
5941,2390.87
5944,360.94
5947,7633.65
5950,2742.16
5953,2397.28
5956,4085.23
5959,5802.87
5962,2312.04
5965,1338.26
5968,8453.03
5971,3422.55
5974,3864.77
5977,4836.25
5980,7678.93
5983,3189.72
5986,6195.55
5989,8378.56
5992,7303.4
5995,2434.39
5998,3030.32
6001,1297.86
6004,3595.64
6007,694.1
6010,1361.6
6013,2281.52
6016,584.15
6019,9918.32
6022,7469.02
6025,8816.23
6028,9426.6
6031,3589.43
6034,9011.76
6037,4827.82
6040,8023.81
6043,8629.94
6046,5839.03
6049,1938.18
6052,7988.02
6055,4749.86
6058,5620.35
6061,8270.22
6064,9110.6
6067,3837.01
6070,6621.2
6073,3214.95
6076,5716.79
6079,9513.44
6082,2663.03
6085,6676.03
6088,7034.63
6091,9407.28
6094,397.36
6097,3603.94
6100,8574.3
6103,1020.85
6106,3583.56
6109,2645.96
6112,339.48
6115,2673.68
6118,8175.88
6121,9404.88
6124,8043.61
6127,2721.22
6130,1069.99
6133,9105.66
6136,3501.69
6139,8603.51
6142,7430.73
6145,6445.46
6148,3957.08
6151,2000.72
6154,4027.69
6157,2824.93
6160,604.29
6163,6219.32
6166,278.85
6169,7175.1
6172,7747.02
6175,616.4
6178,4347.94
6181,1459.06
6184,2370.51
6187,4329.1
6190,5536.18
6193,8627.27
6196,6046.3
6199,261.94
6202,3342.87
6205,6096.37
6208,7847.76
6211,6344.52
6214,2664.47
6217,8192.35
6220,4543.85
6223,5761.08
6226,234.62
6229,2209.12
6232,719.91
6235,2229.62
6238,1913.86
6241,2742.06
6244,8247.9
6247,8324.07
6250,3888.54
6253,4235.79
6256,143.79
6259,6900.7
6262,9292.9
6265,212.5
6268,830.12
6271,9284.12
6274,1584.67
6277,4058.67
6280,7913.82
6283,358.06
6286,2634.84
6289,2474.72
6292,434.8
6295,3818.07
6298,5029.82
6301,2147.43
6304,5442.44
6307,940.98
6310,6399.92
6313,3342.42
6316,8494.66
6319,5884.82
6322,2207.08
6325,8030.04
6328,7411.17
6331,1290.83
6334,4546.93
6337,205.03
6340,3328.96
6343,7788.12
6346,9260.04
6349,5753.37
6352,7670.06
6355,5215.66
6358,5513.52
6361,9171.97
6364,5559.58
6367,423.0
6370,550.91
6373,7750.89
6376,888.4
6379,718.56
6382,5788.17
6385,8647.33
6388,3958.85
6391,192.02
6394,3106.42
6397,5482.62
6400,6828.0
6403,5775.36
6406,692.55
6409,1723.12
6412,6279.44
6415,6002.89
6418,256.44
6421,2322.79
6424,3532.04
6427,9872.17
6430,2209.69
6433,1324.92
6436,2180.59
6439,7367.26
6442,622.07
6445,5770.05
6448,180.73
6451,9357.07
6454,2535.01
6457,7186.93
6460,787.54
6463,1304.37
6466,517.39
6469,6686.79
6472,8090.53
6475,3122.59
6478,2156.88
6481,3499.61
6484,6648.95
6487,7177.26
6490,7329.19
6493,9422.42
6496,1006.37
6499,6093.73
6502,3327.39
6505,6895.95
6508,4948.9
6511,7770.38
6514,5476.32
6517,3349.72
6520,6917.22
6523,3187.77
6526,8167.43
6529,3975.83
6532,8303.47
6535,8486.95
6538,1154.26
6541,3904.45
6544,4455.66
6547,9213.78
6550,5965.69
6553,8881.24
6556,4661.63
6559,8854.79
6562,4259.7
6565,5383.16
6568,629.08
6571,1966.74
6574,2952.8
6577,7704.72
6580,6752.66
6583,6608.56
6586,1684.97
6589,5549.88
6592,1530.61
6595,3841.23
6598,7079.96
6601,5901.82
6604,3812.27
6607,4697.4
6610,3127.92
6613,8835.74
6616,4500.34
6619,6469.32
6622,6416.57
6625,6427.09
6628,1128.9
6631,7892.06
6634,3127.23
6637,9113.73
6640,596.38
6643,2173.67
6646,2529.42
6649,2000.97
6652,4957.14
6655,9446.72
6658,7915.05
6661,174.79
6664,6994.84
6667,6767.91
6670,7288.84
6673,2515.78
6676,6488.82
6679,4776.95
6682,4592.82
6685,4378.26
6688,3497.98
6691,5086.01
6694,4933.51
6697,4148.11
6700,6446.29
6703,1632.24
6706,7377.17
6709,1840.34
6712,464.64
6715,3193.88
6718,1394.27
6721,7073.96
6724,4285.6
6727,9936.79
6730,3169.57
6733,7057.46
6736,1844.53
6739,1516.46
6742,3866.22
6745,5187.78
6748,2711.3
6751,8198.41
6754,9242.58
6757,7941.0
6760,8601.33
6763,3583.87
6766,9160.38
6769,5385.55
6772,5800.92
6775,9561.88
6778,9833.02
6781,8536.12
6784,3684.45
6787,4664.38
6790,2850.7
6793,3019.25
6796,7665.33
6799,1972.05
6802,3276.8
6805,7031.92
6808,6217.98
6811,5512.16
6814,4697.83
6817,4622.48
6820,2325.6
6823,418.03
6826,8858.6
6829,904.46
6832,1691.22
6835,566.24
6838,8001.63
6841,664.37
6844,9818.63
6847,6798.04
6850,5110.37
6853,2428.95
6856,8759.04
6859,8561.43
6862,4198.2
6865,6988.87
6868,3612.96
6871,3747.0
6874,6158.19
6877,4020.94
6880,5668.68
6883,8198.33
6886,7949.69
6889,9817.59
6892,4940.27
6895,4883.13
6898,4493.57
6901,1832.96
6904,6530.66
6907,4795.13
6910,2656.55
6913,9289.9
6916,8894.84
6919,7620.83
6922,9147.63
6925,8708.91
6928,1814.05
6931,7816.13
6934,1265.94
6937,3798.94
6940,5433.66
6943,8919.5
6946,9867.74
6949,1754.87
6952,3133.35
6955,2281.57
6958,3222.84
6961,2881.55
6964,6662.73
6967,2333.43
6970,3288.85
6973,3859.48
6976,4894.51
6979,2901.57
6982,9815.28
6985,4638.89
6988,3585.99
6991,9698.38
6994,2559.71
6997,7369.92
7000,2020.92
7003,4942.42
7006,9296.47
7009,1638.2
7012,6966.98
7015,6320.41
7018,2946.93
7021,9971.29
7024,1117.11
7027,919.59
7030,4663.28
7033,7621.07
7036,1735.92
7039,5113.22
7042,9075.6
7045,2792.75
7048,9202.38
7051,6625.32
7054,8976.07
7057,4591.6
7060,2288.49
7063,7029.71
7066,7229.94
7069,2928.36
7072,3112.98
7075,3181.77
7078,7316.54
7081,5572.19
7084,9376.97
7087,5832.44
7090,4694.45
7093,8490.09
7096,2365.89
7099,5958.72
7102,8268.29
7105,1654.47
7108,5111.83
7111,3119.85
7114,3923.41
7117,418.86
7120,6221.52
7123,4477.06
7126,3326.13
7129,2895.84
7132,9515.99
7135,5289.78
7138,4130.46
7141,8881.8
7144,4281.68
7147,1009.35
7150,6309.75
7153,2252.9
7156,8932.4
7159,2307.37
7162,3684.23
7165,1457.51
7168,5768.91
7171,5769.4
7174,2560.57
7177,6144.27
7180,1932.44
7183,8408.45
7186,3735.65
7189,3460.31
7192,839.66
7195,4852.81
7198,7829.13
7201,701.38
7204,7633.25
7207,1256.57
7210,9679.81
7213,2976.78
7216,3826.58
7219,4219.57
7222,1004.5
7225,4388.32
7228,9604.24
7231,1479.79
7234,8928.03
7237,8240.76
7240,9140.79
7243,3860.21
7246,5917.84
7249,8410.88
7252,6581.22
7255,6187.59
7258,5663.61
7261,8350.12
7264,435.33
7267,3054.56
7270,7284.38
7273,7535.4
7276,3997.22
7279,2241.44
7282,4013.74
7285,7826.74
7288,9182.95
7291,4411.69
7294,3246.38
7297,8787.34
7300,5753.83
7303,3328.84
7306,2385.63
7309,5313.98
7312,7932.5
7315,6356.57
7318,3249.75
7321,3305.54
7324,8937.49
7327,9070.37
7330,3322.6
7333,9431.18
7336,3000.71
7339,1714.59
7342,4958.47
7345,6693.26
7348,3186.89
7351,4713.75
7354,9831.93
7357,4936.96
7360,9246.17
7363,605.83
7366,7366.16
7369,7770.95
7372,1424.85
7375,7107.65
7378,1800.64
7381,4322.65
7384,5856.96
7387,2517.88
7390,9532.96
7393,7640.94
7396,9985.01
7399,657.77
7402,763.61
7405,2903.4
7408,4239.16
7411,5303.72
7414,6807.01
7417,3559.81
7420,8581.3
7423,8059.68
7426,6211.49
7429,2244.83
7432,5589.43
7435,5806.37
7438,7811.5
7441,242.82
7444,7315.89
7447,302.22
7450,9523.87
7453,3461.67
7456,8441.0
7459,5335.03
7462,7353.44
7465,9227.19
7468,5673.3
7471,9879.69
7474,4913.21
7477,3279.4
7480,3251.92
7483,3374.94
7486,2502.23
7489,2177.7
7492,4479.18
7495,1627.92
7498,7130.42
7501,1654.85
7504,4424.04
7507,1703.87
7510,6320.63
7513,3760.79
7516,2557.44
7519,1696.58
7522,2292.33
7525,7327.69
7528,3928.3
7531,3299.42
7534,5067.01
7537,7060.69
7540,9835.93
7543,4844.56
7546,2693.59
7549,6819.71
7552,6260.0
7555,3039.59
7558,1500.77
7561,7809.54
7564,5488.14
7567,8505.91
7570,2232.98
7573,5756.27
7576,3222.74
7579,2048.23
7582,773.53
7585,2783.65
7588,8368.54
7591,2672.0
7594,9015.18
7597,868.89
7600,8785.34
7603,3461.25
7606,9062.79
7609,8529.24
7612,6334.7
7615,2292.14
7618,2759.67
7621,398.98
7624,4801.83
7627,2017.49
7630,7370.66
7633,6163.67
7636,6214.71
7639,9924.24
7642,1102.78
7645,9486.41
7648,3954.23
7651,8374.32
7654,2268.35
7657,9128.62
7660,3506.63
7663,2704.64
7666,1638.5
7669,8859.4
7672,9791.56
7675,6042.99
7678,8367.36
7681,5656.37
7684,4531.6
7687,9976.4
7690,8450.36
7693,6751.47
7696,6163.35
7699,1529.78
7702,7896.98
7705,8049.05
7708,4382.21
7711,1938.98
7714,7993.17
7717,2591.06
7720,102.01
7723,9568.79
7726,528.31
7729,443.47
7732,8080.29
7735,8498.24
7738,6451.86
7741,6193.42
7744,6839.55
7747,5436.02
7750,7009.22
7753,8806.57
7756,2933.15
7759,315.0
7762,7904.18
7765,6444.4
7768,1726.23
7771,6125.69
7774,3202.58
7777,1120.07
7780,1818.91
7783,5502.25
7786,7734.0
7789,5455.69
7792,5366.65
7795,3870.09
7798,5522.82
7801,3828.28
7804,4996.78
7807,3183.81
7810,9852.06
7813,1910.59
7816,4302.22
7819,8275.52
7822,8652.14
7825,5332.37
7828,9206.45
7831,9680.4
7834,803.75
7837,1519.78
7840,5105.85
7843,3989.06
7846,5844.17
7849,8396.54
7852,9299.72
7855,8298.11
7858,6640.94
7861,4193.53
7864,5260.21
7867,6158.29
7870,6455.46
7873,7640.76
7876,4350.17
7879,3378.49
7882,4055.07
7885,1773.8
7888,5491.52
7891,8502.07
7894,7708.8
7897,3595.75
7900,6430.34
7903,1815.14
7906,7268.6
7909,3537.95
7912,9173.87
7915,825.92
7918,2922.72
7921,2567.29
7924,6928.58
7927,2276.04
7930,4597.47
7933,9717.26
7936,3503.51
7939,5691.1
7942,9738.94
7945,4604.9
7948,2522.5
7951,8362.88
7954,7851.57
7957,2173.46
7960,7120.13
7963,1192.34
7966,2232.21
7969,4708.11
7972,2547.53
7975,6209.72
7978,4637.06
7981,9057.99
7984,339.1
7987,1867.89
7990,4137.56
7993,4612.69
7996,4155.73
7999,7343.41
8002,1874.56
8005,5123.97
8008,7381.99
8011,4104.98
8014,2899.8
8017,1119.91
8020,9418.83
8023,9492.59
8026,1472.18
8029,9247.19
8032,1871.23
8035,3610.56
8038,808.19
8041,2441.04
8044,911.01
8047,4857.9
8050,5910.62
8053,7171.27
8056,3025.6
8059,2290.83
8062,1639.34
8065,2152.73
8068,2636.73
8071,8508.48
8074,8097.61
8077,1917.87
8080,9028.24
8083,1475.17
8086,2935.98
8089,7650.36
8092,6577.36
8095,4872.23
8098,3763.71
8101,2819.53
8104,350.65
8107,5255.83
8110,3527.07
8113,1893.22
8116,5384.02
8119,1117.16
8122,3603.72
8125,8853.36
8128,8020.29
8131,187.34
8134,8726.73
8137,5690.67
8140,5608.46
8143,6587.64
8146,3899.1
8149,3769.75
8152,7729.37
8155,5788.31
8158,2278.61
8161,3451.14
8164,6166.55
8167,6374.83
8170,8494.96
8173,8714.04
8176,6834.11
8179,9089.53
8182,3237.16
8185,1513.77
8188,5167.32
8191,3810.25
8194,555.9
8197,2909.84
8200,4165.9
8203,9196.12
8206,9500.35
8209,4122.46
8212,6945.81
8215,8730.55
8218,5498.27
8221,4815.83
8224,9043.44
8227,8947.49
8230,1519.37
8233,2494.41
8236,6099.18
8239,6740.52
8242,5991.14
8245,2759.35
8248,1083.93
8251,260.58
8254,3189.27
8257,7763.25
8260,8775.33
8263,706.3
8266,3430.51
8269,7663.72
8272,6848.92
8275,2480.71
8278,7396.95
8281,4178.49
8284,4124.59
8287,8971.22
8290,3042.71
8293,2408.71
8296,7884.29
8299,9736.9
8302,3225.08
8305,1007.11
8308,2481.19
8311,8485.0
8314,3433.56
8317,3844.25
8320,5187.68
8323,1638.74
8326,3232.13
8329,5140.19
8332,3685.06
8335,160.23
8338,8211.84
8341,8874.35
8344,4239.2
8347,2985.21
8350,4623.2
8353,7839.16
8356,2265.6
8359,4637.04
8362,4928.83
8365,6837.03
8368,3520.63
8371,4899.06
8374,507.26
8377,9723.93
8380,6409.31
8383,1793.7
8386,7801.74
8389,834.3
8392,8764.1
8395,8117.2
8398,479.99
8401,7039.52
8404,6887.19
8407,6678.31
8410,2646.5
8413,7131.16
8416,3083.94
8419,1391.37
8422,9540.55
8425,7833.06
8428,6628.37
8431,136.99
8434,9952.46
8437,8478.37
8440,9544.34
8443,4576.47
8446,2666.33
8449,7742.22
8452,2523.04
8455,7929.62
8458,3964.18
8461,6551.63
8464,680.59
8467,8509.46
8470,9725.49
8473,5882.14
8476,6782.75
8479,3300.25
8482,673.2
8485,9414.4
8488,9101.06
8491,1896.31
8494,1186.12
8497,3418.7
8500,6379.81
8503,7686.45
8506,234.77
8509,795.0
8512,1425.81
8515,8901.83
8518,3717.62
8521,1392.95
8524,5703.39
8527,3565.73
8530,6242.1
8533,9437.93
8536,1195.21
8539,6291.56
8542,4103.3
8545,8243.32
8548,2829.51
8551,5853.93
8554,3468.42
8557,4728.88
8560,5340.85
8563,9639.69
8566,2810.49
8569,5089.08
8572,1315.71
8575,8861.46
8578,6243.44
8581,6753.96
8584,141.2
8587,2765.29
8590,2775.08
8593,376.66
8596,1146.33
8599,533.57
8602,5911.34
8605,7845.81
8608,9206.53
8611,7768.87
8614,9073.3
8617,4166.69
8620,2306.34
8623,2941.59
8626,7195.2
8629,3108.14
8632,2182.62
8635,8113.34
8638,9537.86
8641,2859.73
8644,2300.16
8647,4403.87
8650,3954.25
8653,4774.41
8656,7640.23
8659,5427.5
8662,2861.4
8665,9373.66
8668,5125.45
8671,6483.38
8674,345.21
8677,8928.0
8680,8030.01
8683,4863.27
8686,9531.75
8689,3529.01
8692,5883.95
8695,4239.56
8698,7139.73
8701,1737.61
8704,2247.17
8707,6416.67
8710,4145.67
8713,7218.65
8716,6364.6
8719,9193.64
8722,4779.67
8725,1220.38
8728,973.57
8731,9606.98
8734,7851.94
8737,7066.96
8740,3702.34
8743,6623.94
8746,3966.88
8749,3217.2
8752,2526.85
8755,5625.67
8758,4177.65
8761,5952.25
8764,5474.84
8767,5743.9
8770,4342.19
8773,6490.18
8776,5619.88
8779,3365.52
8782,3292.78
8785,1511.43
8788,4461.44
8791,3548.9
8794,3055.77
8797,7147.61
8800,1554.3
8803,1004.18
8806,4143.7
8809,5547.44
8812,6695.27
8815,3922.54
8818,8179.63
8821,7693.0
8824,1590.82
8827,3710.41
8830,2374.28
8833,4609.62
8836,6274.7
8839,1171.82
8842,352.92
8845,4908.54
8848,1183.22
8851,1699.46
8854,7669.8
8857,4291.83
8860,998.73
8863,2798.9
8866,9695.68
8869,6473.71
8872,1853.58
8875,8802.92
8878,7660.1
8881,2053.18
8884,6927.76
8887,2345.95
8890,3003.54
8893,9375.82
8896,8462.9
8899,3765.69
8902,8671.86
8905,6151.62
8908,9817.51
8911,7330.0
8914,2345.34
8917,2650.3
8920,5519.44
8923,6422.38
8926,202.79
8929,5981.3
8932,4234.64
8935,140.11
8938,1068.65
8941,6046.74
8944,4604.22
8947,1752.93
8950,9318.3
8953,3089.63
8956,4280.37
8959,3128.2
8962,6149.77
8965,455.47
8968,2294.45
8971,4060.56
8974,8445.84
8977,5493.88
8980,5887.47
8983,7096.94
8986,6392.51
8989,1304.87
8992,8203.19
8995,4957.8
8998,178.76
9001,1448.35
9004,8569.86
9007,9705.82
9010,7940.26
9013,9504.29
9016,2623.58
9019,4906.04
9022,4195.66
9025,8377.37
9028,7321.3
9031,7505.85
9034,5991.02
9037,5606.27
9040,1564.57
9043,3951.55
9046,5555.63
9049,1315.62
9052,5173.6
9055,453.8
9058,7935.52
9061,8019.96
9064,969.34
9067,1501.78
9070,670.09
9073,9092.89
9076,8721.12
9079,2127.52
9082,2837.7
9085,2613.35
9088,8433.97
9091,5888.41
9094,4758.26
9097,5815.31
9100,1527.66
9103,723.68
9106,9186.66
9109,2395.04
9112,8678.82
9115,1154.57
9118,5073.6
9121,2081.56
9124,4941.29
9127,9666.97
9130,5583.36
9133,720.13
9136,8528.69
9139,835.69
9142,1059.12
9145,4161.32
9148,3663.65
9151,3219.74
9154,2144.37
9157,9498.53
9160,9111.33
9163,224.39
9166,7056.66
9169,8162.51
9172,6581.32
9175,4867.83
9178,812.38
9181,6684.82
9184,6029.45
9187,5203.37
9190,5272.97
9193,662.12
9196,9245.75
9199,3624.39
9202,2941.89
9205,5772.38
9208,6911.24
9211,6570.6
9214,1563.17
9217,3213.5
9220,8793.8
9223,7481.47
9226,3912.41
9229,2014.92
9232,8134.93
9235,7362.88
9238,1806.35
9241,6248.26
9244,7035.06
9247,745.44
9250,8775.95
9253,7051.02
9256,6579.52
9259,2939.41
9262,7366.27
9265,7400.3
9268,1519.06
9271,415.76
9274,9805.05
9277,8927.81
9280,2703.68
9283,8048.12
9286,3995.55
9289,8199.93
9292,7432.75
9295,2417.01
9298,809.3
9301,3906.29
9304,8553.66
9307,9709.88
9310,4928.43
9313,5068.61
9316,171.11
9319,1679.92
9322,6004.17
9325,320.16
9328,3671.31
9331,721.55
9334,9876.39
9337,286.4
9340,5035.36
9343,2761.41
9346,938.83
9349,6628.22
9352,7628.71
9355,3993.25
9358,6807.35
9361,2293.17
9364,7917.07
9367,2891.81
9370,8408.39
9373,742.89
9376,9368.64
9379,1335.85
9382,5724.69
9385,6134.28
9388,1921.44
9391,8145.22
9394,3245.24
9397,5235.92
9400,5717.4
9403,1151.38
9406,1146.48
9409,758.07
9412,6279.9
9415,957.55
9418,7468.92
9421,7561.59
9424,9440.94
9427,2245.92
9430,5913.52
9433,5708.31
9436,3870.63
9439,6088.77
9442,4978.62
9445,1154.59
9448,508.41
9451,3566.53
9454,8087.0
9457,7519.25
9460,9435.12
9463,7623.33
9466,5092.91
9469,2435.52
9472,865.81
9475,9028.5
9478,2090.05
9481,3395.41
9484,5881.2
9487,9584.87
9490,6107.57
9493,7640.44
9496,3112.88
9499,8186.57
9502,8693.66
9505,4683.0
9508,5595.26
9511,1612.99
9514,2054.25
9517,4104.89
9520,7390.83
9523,1406.53
9526,9909.56
9529,159.77
9532,7149.88
9535,1301.15
9538,8636.71
9541,576.53
9544,9996.44
9547,9358.1
9550,7095.75
9553,4997.68
9556,1431.27
9559,1326.33
9562,2820.13
9565,3459.42
9568,8655.31
9571,3504.32
9574,150.47
9577,964.0
9580,9111.22
9583,8606.56
9586,1839.72
9589,6998.53
9592,4802.64
9595,3623.88
9598,2459.2
9601,757.67
9604,4913.95
9607,7108.76
9610,9956.2
9613,546.27
9616,7624.34
9619,8153.1
9622,3017.51
9625,4729.82
9628,5674.58
9631,7990.21
9634,9095.19
9637,3925.65
9640,9243.66
9643,976.14
9646,3328.56
9649,3323.44
9652,1332.83
9655,130.83
9658,8538.15
9661,1524.96
9664,585.42
9667,4832.51
9670,8859.17
9673,826.61
9676,8813.68
9679,3790.26
9682,4701.63
9685,2471.07
9688,6289.88
9691,6905.43
9694,9044.27
9697,5008.03
9700,1795.94
9703,4775.52
9706,4751.14
9709,1591.73
9712,717.66
9715,9851.44
9718,6070.02
9721,7953.92
9724,3781.77
9727,4133.97
9730,1075.0
9733,697.7
9736,8267.53
9739,2561.55
9742,6055.17
9745,9406.98
9748,5230.16
9751,4818.2
9754,8449.06
9757,7841.99
9760,2487.8
9763,3348.95
9766,6880.5
9769,7673.43
9772,5472.18
9775,7664.45
9778,3252.43
9781,325.58
9784,3986.75
9787,359.95
9790,8334.05
9793,1316.13
9796,4497.87
9799,1674.64
9802,6927.33
9805,1509.63
9808,1618.57
9811,9706.2
9814,9451.24
9817,5541.92
9820,9397.98
9823,7406.45
9826,380.18
9829,7162.44
9832,7828.57
9835,9345.58
9838,6003.61
9841,9311.16
9844,5507.67
9847,4795.85
9850,521.61
9853,7772.75
9856,2378.6
9859,8337.17
9862,4695.08
9865,6170.79
9868,5210.84
9871,1824.53
9874,8519.35
9877,7067.44
9880,5430.85
9883,9325.77
9886,905.3
9889,515.45
9892,188.71
9895,4060.68
9898,2960.47
9901,3036.24
9904,6798.04
9907,9005.79
9910,4394.51
9913,8724.37
9916,1066.11
9919,837.04
9922,2408.43
9925,5989.21
9928,2132.47
9931,6568.67
9934,2378.58
9937,7768.46
9940,9121.39
9943,9140.37
9946,234.86
9949,5863.62
9952,8473.15
9955,1900.32
9958,2122.95
9961,5993.77
9964,1418.82
9967,3692.82
9970,7834.3
9973,9736.66
9976,5256.76
9979,3867.6
9982,7185.95
9985,1992.71
9988,599.36
9991,1196.07
9994,7370.3
9997,4551.53
10000,4669.73
10003,8557.66
10006,8210.78
10009,4792.36
10012,9508.89
10015,8392.63
10018,7658.37
10021,5184.57
10024,7474.27
10027,2884.18
10030,4018.64
10033,3616.12
10036,9749.0
10039,2490.31
10042,846.8
10045,1521.05
10048,8997.62
10051,7990.31
10054,2806.1
10057,9508.92
10060,864.39
10063,1991.16
10066,3697.54
10069,3273.74
10072,696.01
10075,8087.99
10078,6063.01
10081,9412.02
10084,6981.06
10087,8249.42
10090,6318.42
10093,138.59
10096,1163.06
10099,1455.91
10102,5854.52
10105,108.14
10108,7298.34
10111,7431.32
10114,4029.13
10117,5449.29
10120,8950.58
10123,6731.24
10126,8189.67
10129,5701.01
10132,1924.96
10135,8769.17
10138,5033.57
10141,7012.65
10144,4684.11
10147,909.18
10150,728.81
10153,4096.47
10156,3522.09
10159,8944.52
10162,3509.69
10165,6823.13
10168,9877.59
10171,784.56
10174,9404.36
10177,4407.66
10180,4573.48
10183,4359.11
10186,3151.02
10189,4842.9
10192,1783.14
10195,4623.38
10198,3965.89
10201,9613.28
10204,5515.95
10207,158.4
10210,3620.42
10213,9460.82
10216,2484.55
10219,3679.27
10222,6241.25
10225,8165.27
10228,3634.44
10231,532.79
10234,2395.86
10237,2723.36
10240,474.13
10243,9448.76
10246,835.31
10249,6889.89
10252,8882.83
10255,5895.33
10258,2048.28
10261,3691.12
10264,562.02
10267,8494.08
10270,4688.94
10273,3569.87
10276,1105.86
10279,4124.04
10282,8972.49
10285,1530.37
10288,6174.49
10291,536.82
10294,9982.68
10297,6462.19
10300,9068.16
10303,8678.18
10306,6074.25
10309,9165.31
10312,3323.79
10315,6094.42
10318,411.59
10321,9214.17
10324,9886.83
10327,245.78
10330,7863.94
10333,3239.54
10336,3514.82
10339,9445.72
10342,7252.73
10345,4877.38
10348,2786.28
10351,2311.9
10354,2601.7
10357,1178.62
10360,6156.21
10363,1195.02
10366,3033.23
10369,4172.0
10372,9107.65
10375,2499.31
10378,6914.95
10381,2582.26
10384,6053.79
10387,6850.37
10390,1271.15
10393,8807.6
10396,4366.43
10399,5914.29
10402,2656.57
10405,8721.83
10408,6499.45
10411,9661.79
10414,9336.29
10417,4325.62
10420,773.18
10423,4184.12
10426,3747.96
10429,1514.74
10432,776.77
10435,9387.34
10438,8648.17
10441,2670.82
10444,7359.01
10447,7809.43
10450,1389.09
10453,1287.21
10456,7295.13
10459,6688.81
10462,5098.96
10465,886.12
10468,1608.53
10471,3472.96
10474,1772.21
10477,539.03
10480,5060.35
10483,466.23
10486,183.55
10489,5556.52
10492,6804.61
10495,9659.0
10498,4029.64
10501,3479.43
10504,3180.05
10507,3066.26
10510,4338.59
10513,610.48
10516,7313.02
10519,805.07
10522,5177.41
10525,5979.76
10528,6407.6
10531,4951.7
10534,5480.66
10537,1687.52
10540,4507.77
10543,4194.79
10546,2773.55
10549,427.98
10552,4466.22
10555,170.5
10558,2235.02
10561,8755.87
10564,5042.94
10567,9137.06
10570,9393.71
10573,831.22
10576,2032.54
10579,3225.16
10582,5778.33
10585,3478.27
10588,1369.47
10591,9652.6
10594,5606.93
10597,3042.31
10600,5171.82
10603,248.35
10606,3702.16
10609,1669.94
10612,9930.18
10615,9952.59
10618,6204.92
10621,9327.93
10624,6532.29
10627,6675.14
10630,4461.72
10633,9334.45
10636,3470.16
10639,602.08
10642,831.81
10645,8348.43
10648,2552.28
10651,6335.26
10654,1782.26
10657,7848.42
10660,147.01
10663,3142.66
10666,9200.6
10669,6843.76
10672,2147.25
10675,7303.03
10678,1729.6
10681,5283.47
10684,8510.54
10687,2145.94
10690,1874.17
10693,1667.54
10696,7981.09
10699,220.62
10702,447.46
10705,7009.32
10708,5491.53
10711,3318.64
10714,4628.18
10717,2758.0
10720,3425.27
10723,7583.53
10726,6656.55
10729,6520.23
10732,278.14
10735,8840.87
10738,1554.34
10741,9014.1
10744,5410.67
10747,6127.9
10750,243.98
10753,1430.16
10756,834.81
10759,7271.4
10762,9373.87
10765,8914.11
10768,3296.68
10771,3273.44
10774,3316.11
10777,5390.79
10780,5018.6
10783,240.37
10786,952.33
10789,3022.19
10792,8631.07
10795,340.26
10798,1593.56
10801,2270.58
10804,2834.23
10807,1814.21
10810,1039.79
10813,5668.38
10816,7153.81
10819,2663.81
10822,9635.73
10825,8380.99
10828,9980.39
10831,9977.57
10834,7055.04
10837,7769.54
10840,8902.86
10843,9532.74
10846,1476.38
10849,5054.17
10852,5060.09
10855,8013.72
10858,9551.39
10861,8309.57
10864,312.91
10867,2836.96
10870,7121.05
10873,351.19
10876,5481.12
10879,4947.73
10882,6847.35
10885,3616.3
10888,6722.85
10891,4597.4
10894,1650.96
10897,6602.33
10900,8597.89
10903,7127.03
10906,5019.96
10909,7399.61
10912,5854.38
10915,3942.91
10918,4415.98
10921,8974.46
10924,6623.08
10927,1085.34
10930,7123.07
10933,9122.91
10936,1356.21
10939,9061.99
10942,834.44
10945,9253.78
10948,7072.38
10951,3682.54
10954,7615.22
10957,121.54
10960,6973.68
10963,8702.56
10966,1615.11
10969,1381.71
10972,9327.37
10975,8999.25
10978,2258.94
10981,5043.16
10984,8442.25
10987,7494.37
10990,9095.92
10993,395.61
10996,2921.86
10999,7779.28
